8146
4361
4438
953392
3758
2761
2419
7026
6820
3740
1434
4151
5856
2264
3139
5425
4171
2860
3001
4230
4325
4790
1318
3173
953713
6914
4706
953064
1824
4721
2748
4708
3337
4585
3367
7071
4418
5219
2935
4386
2028
952485
4351
3101
2418
5583
3633
2689
5705
5608
5582
2392
2513
5183
6103
7206
955528
3960
1466
2851
4069
1901
2301
3687
5492
3443
7254
5499
3568
6771
3185
1852
2986
4389
6611
3259
5491
4176
5809
5296
2418
3521
4276
4643
3903
4892
3185
4062
6149
3994
2193
2176
2579
5032
5752
953605
3842
4594
4160
1553
4130
955317
2504
6907
3562
7568
4133
4545
3820
4633
1509
4187
4338
1615
955590
4882
6217
1948
5993
4136
3912
1923
3963
4882
4346
5386
3716
4358
8701
5847
4988
7964
2834
3942
2002
4654
5854
3980
2094
4294
3737
3735
4546
6089
954650
2925
2018
953919
6552
6000
4958
1284
3309
1104
5183
5538
5137
7200
5394
5413
955811
3898
6676
3721
4790
5560
3629
3714
3528
2118
2057
1459
4992
7004
5201
5095
5915
3292
4250
3663
4437
3299
6223
6437
3909
2201
2662
5062
4208
3797
4534
5325
3853
3860
4007
4397
5611
4517
5777
3348
4841
5111
4171
2983
5066
4712
3232
2097
1929
955371
8154
5225
6672
5222
1743
4592
3403
3089
4635
4221
3428
6091
3461
5950
3504
4231
2077
574
4308
3613
3721
5315
954267
6379
5558
3777
5623
953965
3674
4987
8565
2907
2661
4405
6096
2275
3348
1729
5651
5304
5386
3320
3092
4612
2637
4786
4917
2637
5405
1434
4597
4049
1011
3407
2530
1379
5071
4562
4177
5541
4609
3018
3587
3658
4645
7629
3507
1745
5512
4787
3537
4523
956532
4726
4678
3468
8627
2928
2705
5401
4652
2375
7047
3653
1596
5620
4928
1704
2802
5811
6836
3597
1806
3668
4756
3253
6177
5768
4094
4168
4584
3561
957334
2785
4130
2522
3429
3932
6456
6460
5863
5785
952151
6374
4262
7166
955296
2730
3530
5209
4932
4544
7195
3646
953968
2222
3316
6275
4876
4282
2697
6178
7993
4177
5899
4534
5916
3661
2994
2202
7268
4541
4116
2758
5024
1837
5986
5171
3797
3280
4548
2820
3897
3691
2415
5620
3967
5724
1264
3010
3826
956474
4285
3506
5462
3383
4125
2929
3247
4007
4744
3154
5951
3969
2955
2308
4217
4121
7490
3589
5847
4667
1245
2895
4219
4548
3014
6279
4731
4048
5117
4253
4622
5848
3273
2655
3965
3612
3415
1887
4757
4690
954119
3842
6137
5705
5017
4801
4583
4971
4470
4190
6142
7322
1985
1916
4981
5198
3709
4270
3420
1647
4662
3511
3588
3738
4450
3516
3786
3927
6485
5503
5001
4855
2823
2223
2674
3436
4364
6119
5042
4154
2688
3830
3199
5614
6486
1915
4063
4902
1944
4202
5369
8107
2464
6992
3250
3636
3275
3409
3281
2324
4970
4195
2382
6155
2704
957100
1379
4462
2446
5800
9709
5867
2719
2835
4809
4098
3061
3582
4945
5345
4177
2455
2319
3396
5134
3882
4352
6082
955917
1207
3046
4617
4145
3733
5013
4810
4433
5275
3001
4991
2674
2591
3222
7315
4772
3556
3395
5383
3764
1466
4586
5844
4638
4179
3252
8695
5386
2874
5378
2910
4198
4939
954399
6477
2911
4097
6897
953710
4190
2313
2664
7363
4476
6361
3732
958460
3854
5670
3422
5708
4718
7700
4473
5709
4593
2942
6226
5028
3090
2707
3464
3912
4345
4009
5076
3884
2192
4006
2862
3736
4586
3234
2345
3711
6175
5997
2445
4743
4451
5373
5009
2759
2498
4322
5591
4706
3477
2864
3153
953166
3336
952216
5674
6750
5791
4797
3894
8755
3817
2998
4823
3787
6147
3317
3698
3153
4638
6614
6847
5770
5671
5299
6643
1938
5431
3486
4698
3389
7721
1591
4122
3000
2843
4657
5764
3981
4847
3293
2592
5545
954704
2960
954084
3577
3249
7043
955024
4179
2650
6491
4380
6210
5066
5702
5169
3533
2242
4781
954032
5147
4585
3576
2921
5798
5883
5852
2474
6732
5226
4661
6413
3787
2550
2400
4196
4007
5420
3755
4115
3864
5781
4918
2364
4771
3365
3403
952513
6999
5248
6244
4326
4122
5327
6526
6361
7572
954290
4008
4976
5648
3897
4566
2534
1333
5258
3281
6741
4072
4828
4189
3805
3030
952659
5286
4923
4518
3943
3871
3012
3843
5326
4523
4662
4150
5559
1957
3740
6279
6518
4600
5839
2019
4287
2386
2745
4858
4361
2673
5185
5163
6162
3244
5566
5319
3907
2717
6090
2641
4591
954580
2423
3466
6166
8977
8516
5418
4444
3281
5889
4110
2620
6831
2676
6590
2840
4830
5923
5006
5549
3913
2783
7239
4861
5728
3843
3840
2892
4486
955112
2319
3919
955787
2227
3709
952705
3408
3765
6126
956438
1423
1607
4376
6553
1592
3229
3387
4784
6018
6676
5357
1938
3950
5208
4504
5525
2781
3689
2816
3046
4782
4577
6151
2485
3808
4018
4009
1901
6118
3942
5063
4204
3198
2990
5000
6277
2304
1587
4677
5245
3847
5345
2206
5606
6483
1330
5426
5292
3486
954371
7346
4770
7677
956442
3956
3232
1220
4899
951700
3305
4823
5409
5099
3479
3465
6371
3252
5273
3205
3382
3218
3011
2068
2034
3095
4571
2200
5663
7038
955365
3497
4966
4554
1943
6603
1355
1525
4279
5054
5341
4591
4528
954858
4354
3649
4935
2776
5144
5415
4278
4475
3804
3452
3212
3632
2136
4608
2854
3350
4890
6218
1784
1730
2991
4467
4103
4787
4692
3169
3687
5693
3476
3205
955445
4187
4379
5202
4267
4195
3265
4572
3044
7524
6113
2909
4360
3087
3323
8594
4106
3645
3085
2825
5001
3761
3973
2676
2185
3417
4838
953742
4793
4093
6226
1895
4999
3251
3420
5439
3372
8347
7045
4758
5392
6529
5107
5916
4583
4053
3167
5301
6922
5965
2867
7371
4021
3600
3923
5429
3633
5224
4071
5500
2404
7545
3194
3124
4611
4112
5525
3367
3244
4130
4550
5268
3966
3896
4956
1334
3470
4260
5798
3948
2314
4560
5197
3550
3534
5272
4058
3944
2841
1959
5323
955185
7499
4222
3602
4874
953041
7292
4802
4785
9641
3498
952343
1702
4774
6298
4405
1742
3156
5602
8988
952990
3217
3606
3309
3533
5149
2480
4285
5523
6886
3661
5331
3145
6017
5714
4147
5678
6218
3674
3278
4646
4265
3739
2968
3822
3522
4858
4818
4619
3635
4839
4910
4554
3618
4137
5208
3068
4434
3716
5071
4493
6052
4777
2698
2132
4198
4448
3006
6264
3352
953063
6446
3755
3429
4957
5349
6658
5535
3848
2543
3816
2931
5755
5535
2139
5511
4353
498
5530
3265
5063
5442
3582
4273
1803
2842
3903
4406
3798
4940
5328
3456
3582
6185
2823
3343
3290
5382
4448
4333
953116
6106
2977
952526
3114
3967
3811
3738
5524
4621
5038
4146
6321
4224
4306
3783
4163
3083
2475
5312
3484
3535
6378
6279
7241
2298
4825
9303
4691
4266
4155
4228
2661
4303
5019
4479
3880
3492
3590
1613
3131
2911
4374
952040
5590
4336
5007
5126
3444
4046
6043
4827
4525
4344
6521
5395
5137
2891
6788
2027
5494
2399
4050
2782
3987
6246
4983
3048
5749
2678
4031
4773
5730
2673
2891
6458
5141
2159
4601
4937
953439
2890
4472
8170
4464
3434
2844
3170
5512
5250
6520
5416
3940
447
2872
2462
1420
4886
5050
5734
5943
3187
8142
4127
2914
7527
2870
3353
4762
5939
4528
10317
6347
5220
3004
4776
3085
1901
3219
5350
5409
4250
3401
4372
5788
3458
3727
1253
6163
3435
3040
3825
3718
5915
2325
3748
3949
5433
4280
2900
4490
2634
4087
4463
5409
5683
5722
723
1461
4608
3956
5415
4124
3963
4157
2046
6454
3493
3843
2661
4036
5908
5076
3047
2672
5280
3880
955842
2123
2326
3344
4680
4664
4304
5095
2110
2205
1212
1900
2769
4677
6335
4557
5234
5548
4169
5990
3464
3127
3736
5296
6285
5258
5344
2967
4167
1709
3097
4741
4326
5308
6417
4486
3788
2912
4193
6923
4463
2751
4400
954744
4100
2669
4826
2423
3207
2445
3497
2569
3617
6729
5143
4859
5872
3702
2911
5455
5512
1677
955263
5453
5341
4725
4476
3656
5857
5134
4613
3718
4834
5333
3497
3767
5920
7267
4226
2161
1682
3900
3062
3365
4311
4803
3869
3366
5271
3365
3786
2892
5863
952236
4554
6717
1466
2763
4017
1509
956900
6310
5326
3562
5581
1769
3161
4445
6100
7508
4342
6086
2539
3211
4845
2011
7063
951639
6881
4838
3818
5085
4608
3328
4431
5052
954804
3249
6026
4140
5738
5009
2543
2768
3844
4562
3149
6439
2730
4950
5311
3486
4062
1476
3103
5273
4193
4295
4390
3095
4152
5831
2031
6706
956804
6588
2372
5312
4902
5013
3970
3682
7108
4884
6354
7554
5103
4873
5985
3916
5322
3781
5390
6357
6253
1364
1794
954480
2202
952391
3295
3199
3761
3528
6259
4590
4102
1655
3847
2749
3893
5212
2461
3774
4504
2484
4864
4053
3622
3102
4980
5174
4185
5085
2978
5113
7573
4890
4649
2417
2617
6217
5357
8219
5713
3693
4081
3047
3626
3897
955163
957347
5663
7832
5844
3439
5368
710
4163
7375
7554
3734
4291
2233
4330
4121
3492
7025
6508
4945
5458
6362
2518
4444
5177
5295
3196
3078
953448
4437
4483
5048
955693
6136
3053
4244
6386
5336
2810
2499
1110
4853
4129
3447
6835
960227
1578
4738
4369
4627
5479
4057
5633
2634
4146
3154
4301
2448
5072
3702
4533
4577
3143
5620
5278
3100
6468
5373
3742
3004
6731
5152
4300
3088
2927
5143
3852
4154
2815
3380
2012
4297
4422
7227
3715
3201
7809
2655
956421
7605
1790
7482
2026
4695
3619
2847
1320
3263
8042
3918
3601
3510
4975
6473
5240
3183
6718
4218
7658
4742
3365
5506
3142
952211
3652
3361
4334
2768
4751
2239
5641
4519
3577
4643
4163
5703
1764
5099
4944
1716
5365
956667
6979
6313
6245
955711
5152
955847
5160
2001
5791
7443
5550
3354
5014
7945
5400
5045
6376
1602
2780
4141
4920
953605
2049
4068
4557
6037
5443
6868
6254
5043
5830
955126
2717
3628
5252
3048
3072
5694
3295
2950
5445
3624
4081
6096
7463
5247
6360
5202
5579
4309
4088
2589
6420
4002
5974
2823
6186
7974
3672
6568
3836
6131
1732
3185
3321
3120
6906
5020
3423
6148
4534
5785
4032
4245
5694
3468
4821
4339
2426
4671
5420
4755
4050
3917
3983
5374
3112
3341
3953
5101
4861
5584
3686
3737
6366
4870
6057
5624
4925
6614
3318
3072
5809
3032
1163
5862
2772
3243
3162
6044
3551
4066
4389
5040
3734
1648
3539
2641
953884
5089
2669
6466
4979
6180
3957
3272
2494
953198
4593
5334
3677
4913
7553
4589
4073
3156
5234
7640
2003
1945
2459
6015
4268
1338
3745
2095
6571
4886
5820
4416
2908
3244
4616
2283
4490
3147
3058
5085
6871
3368
3787
1704
3914
5895
4397
6069
5733
3245
4257
2633
4509
6062
2771
6000
4108
7521
2714
3019
5735
4932
4448
4021
6875
5048
5109
6052
3549
3197
4509
3552
2462
4577
4274
5880
8736
7071
5827
3311
3271
4183
3814
4386
1471
6105
4146
5234
3482
3028
2435
4820
3167
7618
5069
5276
4054
3616
4604
3782
4745
5664
3355
3902
7763
4876
5208
2544
1307
4294
3966
6749
2997
3911
4734
3665
2807
2673
6877
4499
4685
2349
1262
4427
4481
3533
4516
4467
1881
2557
4890
5686
3872
4839
3231
3159
3066
6377
3690
3090
5384
4592
9249
5749
1933
4385
3783
5508
4399
953688
4781
1693
5715
4648
5714
4199
6502
3020
6964
3067
4674
2314
6107
7599
4893
4703
6060
7819
4949
5122
4600
5521
2703
4338
4494
5434
5257
1902
3394
3030
3411
5821
2039
4620
5170
953501
2313
2543
3716
4313
4240
3319
4345
3151
3936
4439
4741
3880
2476
4626
6123
2523
953126
2558
5089
4052
8474
2422
4864
4408
5567
2203
4572
4403
6016
956148
3885
5197
6300
5867
3368
3911
6558
4475
3210
2997
4584
3408
5285
5490
3981
2431
5981
4277
954567
4241
4102
1571
3966
3116
7592
8635
5501
4745
6337
3025
6062
5605
2778
6418
6833
6247
4563
5812
4370
5145
3796
6443
3121
2143
3192
2723
3200
4085
5951
6300
4967
5024
3467
2488
6078
3093
4439
3549
4290
3767
3103
3125
4147
5838
952583
3202
4507
2640
5769
3175
5370
4871
3341
954004
1253
7504
2650
4642
3871
3713
952866
3136
7982
2022
4140
954604
6167
3874
4432
5323
6842
3795
3213
957152
3940
1386
3558
3104
8467
1672
2721
4073
4572
2377
952727
4448
5338
7105
3730
6089
3345
4143
2274
3693
6009
2053
3650
4204
6101
6568
5110
5552
3648
2493
3765
3003
3862
5850
6130
3892
2277
1586
955731
4233
3126
3329
5389
951890
4978
7937
5487
5267
4464
2655
5313
4388
5005
6095
6341
3054
955467
5475
4537
2412
3434
2707
2866
4646
1672
4143
3272
4381
3244
4735
4732
3224
5417
5269
4581
3591
4817
6648
5192
4245
7076
3651
7774
1936
3952
3445
5303
3420
4413
4525
5941
952993
955657
3884
5074
4914
4093
2273
1733
5420
1809
4148
3560
3937
4654
5164
7200
2231
4715
4594
4491
6532
3276
5817
3718
1638
3420
4590
4773
2984
3644
7933
3303
3424
8023
3108
3793
4043
6171
2343
4697
3205
954161
4071
2797
3281
3069
5289
954821
4621
955558
955150
3220
3880
5334
4199
6071
2958
5231
953658
3632
3953
4480
4608
3140
5237
3736
4483
5114
6253
6485
1252
5400
6332
954853
3106
4097
3788
6499
4479
3872
1976
4295
3236
3925
4347
4176
7174
7387
7494
4953
1796
3497
2162
3037
3334
7380
5244
4944
7670
5129
5565
3824
3221
10107
4201
7259
1983
4463
3894
4932
1540
2338
5006
4001
2493
1436
953150
5150
4380
6483
3215
1378
5724
956434
3655
4391
6617
5198
2177
3263
3301
5454
3839
3409
7088
955753
2990
953961
3656
2051
7415
4693
3062
952045
3541
5875
5200
2750
2942
5788
4355
3028
5084
5919
3688
6810
8672
3248
3312
2803
4507
2445
3733
3766
3975
8495
4412
4963
3221
2955
5447
2638
5780
3291
3160
5796
4588
2885
2232
5568
3132
3012
4450
4337
6608
2752
3117
2339
4209
2707
3919
3244
5342
3452
4131
3129
3335
3662
4613
4432
6436
4354
955208
4262
3090
3267
5070
4974
1610
3264
6319
1930
3656
4620
5048
3834
3613
3018
3610
3842
2784
3772
5332
5483
5823
2885
2637
5322
2926
4987
2523
3821
4246
4392
4885
4913
2047
2986
3225
5178
5583
2226
4306
3399
2380
4374
5342
3288
4308
4290
5925
4694
4324
4285
5668
5625
2828
6726
4959
5509
5072
8163
954432
4353
4369
4190
6733
3602
953740
5688
3186
950946
6464
3263
4407
3472
7359
4206
7611
3425
5159
1473
5531
1131
1839
5589
4437
4192
3499
2679
3743
3389
5997
6247
6473
4765
5260
2764
5293
5706
6026
4783
955799
4502
5834
5972
6308
4342
3284
3118
3632
4278
4990
4229
4249
8147
6093
3448
5791
1901
4709
3983
2636
2588
4190
4214
3436
5067
4591
4917
4372
2974
4043
5071
4996
2790
3046
5953
4598
6245
2421
956573
5246
2886
5140
6521
5787
5032
4198
4040
4900
3153
4213
2065
4465
4387
951349
4253
3885
4374
5823
5579
4743
5380
4605
5599
3781
4899
3377
3042
3696
4405
7098
2354
952567
6157
4969
3559
2878
3493
6873
2345
3656
4850
5078
6601
5826
6422
2312
4347
1995
5470
3937
5011
2331
6823
3685
4716
4169
2507
954735
5386
4669
4505
3923
4527
4059
3686
4906
5622
2977
2897
4058
5170
6133
7732
6669
2119
6936
4189
4259
5011
4919
4211
4814
3058
1728
5155
4931
4260
3827
2776
2109
952799
955652
6227
4228
2002
4306
2464
4373
5737
2901
2192
2553
3587
4944
3566
955247
7304
4296
5349
2844
4079
5280
2481
4198
3211
3493
9889
3492
2318
2226
5901
4088
3382
3612
3768
2801
4556
4140
4990
4992
5097
3068
5737
6939
5402
4234
2481
3660
2998
2606
3923
4060
4613
1976
1533
4557
951542
1288
4512
5249
4517
3043
4421
5107
5118
4750
2153
2111
4297
5041
3940
5918
4307
1932
2343
3315
4793
957025
5940
5095
2521
3639
4031
954910
5845
3447
1840
4089
3451
4234
4296
5996
4076
3602
4757
4202
1227
5288
6495
2197
3904
5260
2714
3705
3903
3808
5606
3041
3349
4398
5189
8982
4034
2691
3112
3265
3473
3619
5441
3968
1627
5696
2777
4542
7138
4755
3921
3316
2933
6925
2494
2143
3216
3019
4760
3591
5083
4220
3880
4737
4762
4295
2658
4712
2659
3732
4156
4072
2721
3985
1925
5508
2965
3768
5535
5975
4968
3723
4855
3840
5693
7636
6367
6426
4761
3287
2450
5338
2503
4706
3752
3868
5179
7134
6605
3380
2528
6610
6955
5272
3051
3656
3860
3922
4557
3873
3636
2389
5463
4266
4868
3775
4466
2833
4683
3770
7248
5546
3984
2521
5025
5013
3387
4701
3976
3410
4491
1852
6910
3936
6552
3179
3351
3627
6988
4464
4642
2960
4548
4811
4048
4882
3522
2635
1989
4201
2428
3761
6217
5104
7214
2392
3696
2426
4057
5197
954841
3217
5077
7047
6009
7559
2758
5022
4982
5593
3670
3481
5671
2893
2235
3347
5386
6404
5626
3033
5049
3515
2566
1902
2194
3765
5177
4680
6169
3227
5151
3781
8241
4229
4586
3748
4691
3906
4604
3350
4265
5456
956060
5944
4971
1721
6376
3937
4580
2800
4197
4452
2341
4163
4217
3848
6721
3086
4424
3124
3725
3618
6895
3036
7529
3871
6812
5687
5060
3335
2998
3379
2647
4956
956989
3186
5983
6170
1350
5870
3745
5046
2361
4436
2800
2949
2656
4834
2310
6332
4621
5158
4979
6491
4101
5048
1591
6170
2084
6985
5055
5329
3010
3997
5550
4035
953475
4665
1834
2404
4129
3765
7467
3403
5442
3956
5483
4254
4940
4017
5062
6143
7321
1686
2238
4751
2476
4930
5642
11113
3834
6368
3880
2034
4109
5394
5907
2765
7605
4652
4247
3043
4167
5540
4336
5395
5825
5987
3645
3495
4646
4049
3067
951651
3446
3425
3064
5031
5811
5718
7181
1442
4603
4887
2775
5634
1864
2991
6548
3039
4109
3150
4004
4756
6935
2982
2294
3591
1679
7438
1806
5810
6177
4118
3671
4130
4648
2292
3745
8203
4406
4485
5119
953826
5135
6534
6202
1052
7824
4130
2144
4549
7969
4838
2745
5706
5853
3187
4103
4269
2825
4456
3857
4341
955443
4036
2198
5125
5869
953965
1714
5984
2850
4061
2336
2609
3963
3891
2995
2898
4773
3822
3787
3762
5646
2706
4025
5779
4547
4602
1903
2725
4810
2042
3299
3921
7736
5090
4549
2393
6866
4441
4614
5308
3901
4187
3488
953494
7103
3826
3198
2886
4983
3483
5614
3976
3031
3381
4905
3799
956643
5342
5729
5970
5078
6184
4445
6199
4658
3609
7933
5527
3840
4336
5326
3675
3286
5361
4240
5193
954851
4371
2133
5683
5138
4759
3896
5356
5844
3858
3365
954227
3006
3952
5211
5742
5337
4227
2016
3105
5096
3363
2018
3464
4557
2888
2084
7411
3209
4682
3992
3054
4332
4045
4447
4602
3744
5027
4037
3481
3306
2293
5962
4201
2449
2000
2684
3585
2790
6442
5179
4655
4007
6036
6014
2304
2071
6016
6844
5863
5049
2825
3522
2840
7052
4716
4632
5395
7587
6144
5181
7093
5718
6694
3282
4568
955390
3926
2099
1918
570
5320
5155
5540
3842
4074
6656
4507
6065
5871
3823
6814
3940
1762
4089
3582
7154
5277
4350
2274
3187
1888
5567
4939
953657
3905
953554
6438
4698
6407
5275
3089
3851
5031
4912
3791
5624
4447
5440
2031
6113
3326
4366
6132
5136
4805
3872
954851
3624
4812
3809
3212
955609
3597
5211
5996
5628
5662
3576
6637
3460
5408
3032
4081
1867
4285
6021
5594
2421
7425
4604
6121
6486
5938
952521
3088
4334
2098
2805
4218
2521
2684
3885
3495
5234
4609
4437
6323
4862
5175
4024
4301
3730
2691
3785
4921
2047
2418
3107
2143
4833
1606
2174
6202
3669
5293
2785
3941
5646
951988
2321
5155
3586
3780
2056
2246
3586
3150
952819
4640
4419
3572
5099
5719
2214
4124
3683
5625
5391
3349
4988
3886
952401
4686
3968
6074
2596
7029
4349
6787
4553
5518
4588
5577
4375
6499
3023
1904
2773
3091
6514
1790
2902
1526
3664
954618
4877
3070
4771
5221
3521
4362
7163
5774
2514
3071
1093
3738
5148
4109
1781
6350
3505
1485
3243
5782
4895
5153
954662
3183
3235
7256
3550
7028
5061
3312
953895
5074
3410
4217
5028
2364
1752
5109
2746
2789
4558
4886
3984
4931
4784
8372
954129
4460
2907
4738
956067
5141
4798
4246
4458
955642
9065
4759
4541
4700
3364
6613
848
5116
5705
6197
3993
5940
4798
3530
799
1993
4812
5414
2574
5946
6580
3568
5395
6903
3953
957930
8671
7671
6430
4777
5424
3275
3767
4811
5068
3010
3127
3951
4509
956768
1362
6174
4858
3920
3809
4054
5423
4958
4093
3652
4651
4976
4323
1695
3863
3884
3364
956505
7820
3092
2769
3190
1815
6244
4444
4888
3402
3614
5585
6721
3919
4501
3943
4697
4843
3885
4047
4863
4686
3748
3428
5594
4852
3063
4765
5647
3256
4968
3505
1395
3402
2108
4663
5396
3346
4998
3289
4409
4372
3092
6001
4478
954029
4417
2855
7252
4762
5056
6256
5454
2673
4977
3651
5920
4480
954745
3083
5906
4307
4420
5278
6423
1973
5250
4223
7341
5136
3440
4420
3907
6185
5295
4510
3514
4234
2959
5193
5665
4101
951224
2619
4953
5252
3236
5226
952975
4572
4310
951036
954572
3116
1063
1591
5384
1868
3441
5701
3608
5760
5479
3763
3796
2535
5980
8135
951214
5696
5363
6485
5510
2757
7468
4353
5053
4606
3693
4626
4287
2776
4598
3814
6127
3476
3485
3867
1434
3288
4730
3846
3676
3811
2525
4905
5066
3138
3008
5771
4175
3032
3088
6664
2174
2762
5900
1268
2400
7250
4590
4295
3256
3245
3014
3247
7163
4364
2855
5946
2709
5883
4162
5930
2506
5907
5269
2714
5758
2598
4851
7042
3275
5241
4949
3480
6102
3698
3156
4858
3371
969
957634
1557
4056
4738
4580
4501
6038
2737
3076
4486
5881
3649
3449
2821
5382
6318
3208
7433
4086
5625
2984
5828
6314
4662
5298
2559
3062
2525
3481
3131
4984
4543
954930
3959
4057
5390
3432
5320
1792
4027
4417
5637
4542
953457
4251
2660
4451
1387
7069
6354
2029
4124
4254
3784
2754
1812
4160
5355
6875
7153
1935
4970
3175
3815
3023
2262
4257
2244
954876
4652
1400
3059
2995
4893
4534
7285
4290
1822
4528
4976
3255
1018
4140
4759
7753
1883
6435
3765
5316
5679
4205
2791
3649
4439
6909
2605
1716
4620
3492
5893
4071
5205
1772
1391
5176
5200
3494
4092
6950
5000
3785
3438
4178
5273
3529
6039
4433
5632
2560
2533
4971
5180
4733
3407
3528
4219
2230
6597
8389
953431
5839
2734
4353
5579
3351
5287
3803
5461
4785
6048
3278
5198
4991
5810
957068
2889
4359
5159
2830
5531
5610
4633
2766
2955
5105
6579
4874
4997
4932
3676
4863
4725
5857
2575
3726
5869
3792
5184
4356
5166
6179
5516
6245
3482
2618
956727
5039
6127
2585
4260
3424
5165
4706
2795
5670
3072
2570
7115
4881
5494
4585
3441
3722
4706
3126
6947
4778
2837
3540
1912
6564
6181
4376
3017
3412
1322
6788
6477
5319
4782
3704
3751
2146
2574
1735
4846
3859
4283
3140
2845
4291
4163
954643
4026
2990
4118
2320
3767
2835
4169
4918
6369
7778
5718
5189
3304
3206
4443
5881
955399
5826
958016
3035
2497
4172
3781
4099
5194
5167
3435
2790
4314
4573
4046
4220
4935
5096
1890
7718
2139
4429
1876
2663
5250
3768
3750
4835
4622
3397
5026
4271
5928
4890
4107
3048
3457
5040
4483
5748
4601
4475
4265
1907
3631
7306
4753
4614
4477
2242
3744
1452
3071
2821
3505
6738
4165
4027
3598
5039
4078
3075
4726
4393
7553
5185
4231
5074
3987
5121
5033
7218
5312
4591
7749
3107
3019
2590
3495
4005
4380
4770
5279
7529
4507
5283
3357
3834
3831
7125
1946
6583
2775
4678
2859
6286
4784
5370
4419
7211
7151
4447
4728
4955
4077
2453
8228
3545
5830
5481
3521
6927
5751
4144
6775
6522
5039
6974
6492
3872
1908
5760
6972
5526
4568
954498
957333
951645
5311
3188
3577
2820
3133
5297
2957
1837
4979
4272
4022
3170
3342
2975
4484
1442
3366
641
5832
4384
2055
6657
6213
1961
4943
4235
2619
3242
6208
5157
3839
2179
6962
4001
5251
5108
3783
2106
5386
6323
5514
5335
2853
6533
6013
5519
3162
6054
2756
6485
3650
3523
4259
5691
5157
4366
6343
6273
1872
2129
954114
6248
4801
3677
4253
4673
2340
2047
3285
5669
1439
2214
4935
8483
4408
5543
4018
7512
4847
5102
2265
5696
4902
4779
3841
5266
3423
3430
3252
4935
2676
1838
3325
2981
5052
1685
3387
3551
5648
2997
4303
1352
3579
3224
2590
4082
954850
3874
6564
2651
4591
5168
957447
956847
1701
3469
6521
5177
3121
4760
5363
3078
6574
4176
3626
6766
7164
2826
3693
3194
3400
957127
4386
5366
4252
3834
4856
3186
955868
2730
3760
5482
3659
8005
6947
4886
4735
7208
3999
4079
4897
8531
4251
5762
3099
5810
2865
5793
3429
6520
2212
4002
4308
954448
3580
5137
1810
4893
3737
2289
5306
3957
5841
7085
2435
954869
951177
5031
4748
5822
3702
5464
5648
4369
1067
4697
3581
1865
3720
5315
5182
3459
5197
5155
3282
3936
3798
4471
2073
2719
8662
4187
4205
4092
4993
5037
3648
955333
5414
5430
3796
4729
3663
4230
3895
8081
5261
4799
4300
4005
5031
957115
4992
2754
4137
7489
6333
7199
5485
3182
2885
4349
3883
5929
3849
6892
4979
4360
4506
4063
1945
3811
5904
4228
6615
4814
3709
5375
5414
4690
5443
2725
2218
4624
4944
4994
4533
1459
2207
6126
4760
4535
4683
4241
5112
4994
6229
4083
4374
4911
3196
3000
7014
3719
3676
4362
3145
3023
951700
4707
6298
4338
3872
5988
954
6569
3686
2816
3988
4148
3994
4015
3585
5031
6051
2817
3583
4299
5179
4138
4608
1825
957257
4493
4668
2589
4378
6291
4068
3908
3938
3892
1367
4967
6485
4128
3150
3483
4214
955789
3690
4943
3573
959312
3732
6586
2566
1668
3839
3621
4177
5118
3543
2649
3790
3207
2455
4613
1899
5059
2940
2800
6064
5153
3016
3037
1840
4239
3469
2656
7686
4988
953668
3284
4595
4660
5378
4449
2280
7748
3302
5671
2526
955475
3874
3083
6463
3518
4340
2594
5184
953024
1462
6059
4264
6042
2978
3606
2715
5868
3750
8910
5834
4597
3547
1821
3836
4354
3807
1702
4578
5379
5056
4799
3307
1716
3026
3987
3130
4154
954533
5248
2673
3492
5077
3562
7286
3624
3061
3947
4837
5287
4127
5743
3592
3176
1704
2678
4444
4956
7016
4904
1964
7311
4701
3731
3755
5455
2491
8189
7557
3657
4455
4160
4284
3988
4550
2303
3562
4585
5616
4011
1952
4149
4519
4565
4433
3396
4044
3807
5468
4661
4159
8289
4160
2044
3209
3648
3507
2396
3535
4855
6267
4178
5058
3038
4640
2489
5174
3073
3386
2916
3572
4261
4004
4502
3008
2777
4986
4328
3411
4781
3317
953261
2588
5043
4576
5518
4752
4418
951933
3168
3893
5814
3500
1944
5892
5503
2875
2765
5376
4242
1743
2097
3174
953850
3921
1003
2675
3402
5031
4640
2756
4976
5017
4181
4596
5405
4881
1002
955439
4517
952396
4766
4983
3149
5831
6050
956637
3541
6994
4742
4174
7562
4827
3941
952625
6074
2812
3377
4148
3695
4528
2270
7237
3464
3365
6434
2683
5462
3319
4499
4196
5216
4049
4897
5484
2404
2515
2912
4043
4224
4362
5232
4509
7034
5353
5763
4827
3218
2772
3281
5562
3459
6247
6524
5604
3878
2375
4820
5601
5593
4501
4197
6186
2241
3532
4316
4605
4266
4789
4867
2064
3713
5346
952609
3481
2965
4448
4348
4400
4472
6547
5335
4527
5024
3332
2218
4443
4950
3294
4708
4571
2903
5977
3979
7123
3991
956471
1806
2748
3635
3907
6179
4383
5038
4751
3406
2296
4131
3150
3436
2429
6848
3332
6180
1456
6941
3661
3024
4768
4362
3314
2031
952766
8215
4550
3317
3440
4522
3985
2821
3064
3125
5967
5959
4828
1851
5095
4028
5170
5257
883
4771
4451
4546
3178
2665
6459
4602
3963
2366
6966
3388
4728
2197
5229
5075
3679
5328
4392
2334
6048
5252
6499
4227
2737
5184
1333
5141
1216
4311
3652
1599
3326
6265
2600
953686
2581
4410
4497
2391
3313
4612
4598
4209
6881
4792
1833
3939
1878
3614
2711
6331
7360
4705
5138
3225
3741
2895
3321
5424
3403
7405
5268
3023
3575
2751
3108
3521
4316
4700
4306
4608
4033
5944
4247
3698
5969
6961
3637
3818
3559
7423
4519
5219
4637
6332
2258
4083
4219
4746
4360
4877
2913
5434
3080
4146
956590
5738
2602
3315
2288
4063
2314
4007
2948
6926
5216
4849
5202
4842
4461
2430
4041
5599
6051
4215
3866
5397
5461
4830
7476
4029
5208
6400
7446
4988
5905
4977
6216
828
5087
4399
3036
4360
5084
3143
7089
4956
3287
5913
3635
2613
1738
1778
5671
4050
3687
3474
5835
3185
4712
1283
3433
6196
2637
952461
2657
4790
4386
5916
4262
2290
3612
3922
5934
8922
6270
5380
5015
3098
3274
2287
6099
5986
3771
3837
4602
4397
2135
4075
5580
4956
2832
3543
4074
7798
3551
3919
3038
4044
6832
7119
4388
4185
2476
2139
9686
3119
5655
2318
3043
4945
4589
1873
5720
4149
2750
3133
8247
3461
3203
5317
5166
4448
4293
4101
1957
3576
4825
4646
3404
2902
4208
4290
3497
4076
3935
5086
5357
954961
4557
3762
3140
4696
5270
2313
1938
8112
7819
5065
1527
4300
5697
5859
3305
3315
3576
5928
5019
3966
3112
951041
1804
3838
3049
5564
3480
4300
4615
2839
2737
2449
3299
3332
6005
6593
4414
2058
1652
3124
6974
956714
4846
2099
4271
4309
953417
4713
5643
957534
1488
954869
3487
3889
6542
4207
5457
6300
4199
1192
2782
3700
3079
5577
3482
4804
5024
4584
3583
7338
2910
3129
4097
3350
5593
4914
4175
953885
1524
6120
5233
2558
3154
4129
6200
953634
951435
1535
4480
4123
6834
4821
3491
6242
4042
3019
4604
3807
4625
2521
2690
3435
6181
3816
3588
4457
5712
2849
3439
3741
953851
3948
4245
3563
2555
8875
3947
3562
2893
5570
3313
954625
3401
4324
4489
4828
3410
3512
4415
4079
4386
3826
2808
2642
7713
8285
953110
5245
6772
4452
5827
4880
2212
954279
4497
4424
6648
6034
4472
4537
8080
3760
5575
4974
2435
6835
953554
4390
1282
5919
7029
1273
3337
5520
2461
4366
2656
3894
3687
3986
5122
3615
5876
1839
3166
3143
954453
6159
951605
4514
5083
3541
1696
3316
6313
3576
2951
5140
4891
3307
3903
7869
3492
3140
4788
4641
4418
2522
4529
3467
1383
4643
1171
4615
7564
4522
3449
3055
3322
3824
3002
4655
7283
5813
3613
5429
4373
5107
2575
3757
6100
2835
4877
1987
1669
5183
4235
3871
4437
3675
953344
5569
5223
5048
5221
2838
2471
2386
2439
2790
3352
4405
2058
4657
5611
5019
5153
4938
5766
955702
3775
6972
5360
1414
5159
3195
4629
2887
3922
5056
2486
7236
5224
4847
3989
7090
3698
2813
3502
4807
4036
4664
6172
3488
6722
956171
3134
5177
3486
2793
6532
5565
3748
2712
6133
3604
5754
1643
1826
2060
4570
5991
8988
6490
6039
2185
3073
3926
1502
4565
2399
1889
3911
3347
2384
3558
4138
5034
2510
5273
4516
5355
4469
5638
953443
6669
5110
2934
5113
5685
7532
5017
3876
3502
4401
2388
6355
957574
3549
4003
4681
4594
5529
5168
4717
5597
6987
5339
6240
2412
957194
1947
5073
4131
3754
6400
4656
6684
5391
5546
4694
1790
2987
4123
5031
4627
4757
3231
4448
6459
6580
3570
4311
7309
1674
4232
3312
6341
4413
7119
3823
952242
953475
3922
4001
2729
2773
2224
8716
4840
6572
6726
2846
3561
2921
4849
3223
3423
6327
2816
3185
4541
3937
2267
4356
4369
3915
4729
5166
3441
2977
4588
3374
4882
5502
5454
3901
3901
5244
5153
6275
4073
5605
4622
6473
5794
5978
2358
5814
4915
4539
6375
3321
3856
3555
4676
3447
3696
5506
4271
3270
4274
5552
5058
5762
3665
3737
3318
5738
6641
3766
3025
4822
1794
6557
5949
3844
3058
6310
2681
4493
6711
2915
2910
3224
3440
1953
7559
954627
2860
5207
2805
5016
5592
4818
911
4443
2428
3811
3100
1408
5702
3671
3707
5944
5220
3913
5690
4921
3897
6671
3878
4891
3829
5635
5090
3279
8987
2215
6933
3039
5480
6087
3488
3379
5796
6651
4071
2539
3670
4114
2089
4919
954139
2484
2596
1223
954777
2328
3730
3470
5348
954003
6373
4477
3506
2263
4172
5446
7645
6478
4093
4804
5421
5452
4310
3664
5411
3455
3299
3960
4475
2399
3540
3585
2610
954542
4557
5067
3344
3326
2245
2711
6869
1830
7993
6042
955076
4947
3949
3475
4206
2938
5457
2285
4534
6459
3383
2740
3288
3575
6243
5654
1579
4797
4600
5593
954439
2112
3953
3727
3806
2800
3472
5832
2547
5997
2849
4332
1249
3875
6687
4260
4023
6669
4984
6350
3077
4928
5182
2913
7754
4369
2255
4485
1239
5193
7170
5507
2098
5004
2159
4405
2689
3891
6535
5886
3526
4012
4628
3980
1285
3401
4536
3250
5902
4790
6208
7587
4767
5627
5665
6905
3351
6613
3470
3684
6150
4809
3631
5447
954058
2590
2373
2243
6184
4722
4761
3918
3789
4400
3983
4031
3069
2126
4645
3621
5163
5819
4491
4374
2169
5454
1578
2948
953533
3671
5359
6022
4850
4800
5968
5296
2510
951214
6977
4331
4631
5990
4593
5512
5125
4062
4076
3880
3813
2839
954037
6491
7723
2118
4829
956809
2632
6544
1250
3454
3523
5308
1721
5064
3909
4353
2135
2262
5902
6204
5747
3468
4607
3730
4647
4635
5311
952813
1419
4605
4690
4533
1117
6756
5230
4061
4575
8155
3260
4686
4431
4421
7787
1649
955437
5816
3093
1289
3737
1830
4597
1321
4616
2633
4249
4000
3522
2054
4329
3601
8114
4291
5141
3645
3193
5484
5256
2912
4722
5365
5468
4267
4237
4469
3629
3835
7698
4725
3048
4993
4230
6658
4913
2861
5593
3432
5869
3087
953441
2511
4052
955489
4120
4474
4689
4970
954633
4545
4423
5354
5474
4032
4478
3931
3917
4092
3361
5492
5520
3578
7028
4111
5269
2636
4470
3643
7526
3413
4044
4491
5856
4218
4336
4864
2615
4979
3788
1710
4466
6866
4301
5762
5216
1916
5386
4285
5724
6688
4374
3433
5185
3599
5943
4255
3859
5757
5499
3912
2427
3609
952692
4088
2107
5448
3745
4651
5006
5666
4208
2527
4345
2859
3004
2347
955873
4792
1720
574
5463
3510
1509
2893
2539
3878
2258
4234
5308
5183
3891
3298
3461
5375
3341
4264
4180
1371
4520
3293
4913
4685
5075
3619
4577
8273
3526
3718
2563
4003
5528
7113
3318
3317
5323
1633
3480
3900
3984
5933
3924
2776
4933
3175
1339
5051
6559
4004
1750
4788
5189
3058
5945
4560
4853
5179
4802
2728
2031
4115
2573
5742
4579
3069
5382
6549
4681
3339
3325
2975
1328
3448
4397
5029
5992
5069
5157
2027
3037
4445
6816
4803
3236
952588
5827
4507
5768
4798
2081
3617
3409
3192
5699
3041
5768
2754
4234
2395
7980
4251
4778
3486
6195
3493
3100
3066
3962
4259
952501
3861
3690
4297
5326
5124
4444
3545
4148
5107
3136
3673
2455
5593
2904
3518
5563
3180
3457
2813
2601
4528
2893
2265
3379
954735
954851
3049
3883
4960
4786
4441
4134
3718
4733
5191
3209
5142
1980
2972
5136
951634
4180
3231
4608
3010
2834
4630
2247
5008
4449
6943
3766
4634
5761
6515
4777
6880
3732
5386
3857
2078
4714
1868
2335
3304
7144
1971
3290
3667
5323
7602
4054
1002
5566
4385
5068
5403
6418
4731
953567
6521
6020
5313
3186
4543
5050
2970
953795
952725
3510
4638
3669
5678
4796
2177
955053
6383
7562
5941
4151
6361
2633
5797
4378
2735
5677
4686
4419
6460
5103
4420
6398
4439
5513
5660
3852
4241
2761
4657
5026
5276
3038
3108
2815
3360
4381
954247
3031
4019
3928
5243
3063
3989
5769
2507
3574
953814
3106
6011
3440
2922
6100
4390
2738
4071
1674
3566
3004
1945
4836
3831
5289
6045
6658
6802
6295
3591
4131
3297
3200
3747
7513
7601
3085
3193
4390
4128
5006
2922
4425
3941
7878
5363
2155
3511
5318
4310
3333
7168
3446
3593
3365
5048
3783
3395
7304
4129
8245
7106
4419
1752
5317
953341
3137
1222
954423
3188
4052
3307
1931
6734
2465
4959
5820
3839
3801
1334
9982
3731
4776
4143
4068
5299
3834
5116
5417
5146
4734
7059
3502
2963
2082
2676
1627
5521
2691
6109
3050
5235
5632
3662
4546
1750
6546
4172
2474
4866
3498
4687
4019
4702
4069
2871
955273
4052
2998
1997
1515
2803
4766
3282
5771
952747
5033
1338
2883
1306
4072
3399
3247
6874
6066
1948
954474
5720
4331
1694
4835
4236
2197
4221
5987
5105
4050
4794
4716
4472
3940
3476
2479
3506
7423
4064
5489
4857
3953
4170
5543
5585
3265
4807
3036
3153
3050
2227
6611
1835
3456
3689
4525
5362
4413
6101
5275
3354
4694
5497
4352
5757
3051
3409
6093
7027
3207
4456
5063
5173
3928
3973
4344
2101
7901
3452
2216
4572
4008
3868
2013
3441
3390
3893
4259
3771
4534
3664
3937
4984
2669
955553
4921
4712
2625
3239
2864
3660
6026
953621
3868
7540
4540
5488
6697
4567
2638
2455
3484
4660
3951
5208
4793
5111
953386
5251
3691
5483
2950
2742
2498
3580
1885
5169
955376
2043
4494
5412
3155
3058
2970
5213
3619
2166
5130
4822
6478
6102
2263
4951
8320
3847
956699
4563
4083
4040
2709
952908
3706
4529
3251
2058
2572
2320
3933
3050
6237
4064
2450
5252
2514
2614
5220
3084
3773
5005
2919
5822
4606
951965
4872
5157
2684
4083
1844
1826
7448
4072
3157
5633
6312
1634
1999
4156
3020
4648
4372
5257
6547
3644
1813
6591
956926
5523
4035
4316
2798
954311
2966
3700
4067
3450
3547
3175
6536
981
3279
3952
2924
4431
3468
2847
6506
3715
5485
6013
5114
3905
4075
957266
2892
3565
2862
953442
3049
4318
2596
5874
3408
6084
2811
5704
3435
2824
2856
4387
1223
5275
1670
6260
7029
5324
4301
5801
2383
1553
5155
4600
3891
4488
2743
3587
3916
5191
3428
955056
953498
3523
4311
2854
4684
6100
1689
3941
3808
955489
3655
4235
4204
3186
1657
5329
5819
4080
1403
4766
6452
3127
3230
3421
954389
3603
4856
4360
2229
3691
9248
6778
1966
6043
5045
4666
5883
953344
6555
4195
5578
3059
3966
5028
6196
4394
5140
3433
4766
3933
6136
6149
7632
5605
5826
5342
4946
6072
5412
4668
4659
3101
3957
2775
4156
5121
4608
5850
5591
2149
6234
1379
4959
2225
5396
2228
2168
3513
4198
3809
2805
5454
5276
5384
2966
4101
4658
7276
953903
955195
1710
3812
5568
3479
3466
4010
5565
3118
5918
4670
5226
2875
955413
5997
8606
5519
4942
3207
3373
3352
1340
3006
3518
5152
6102
2745
4322
1865
2697
956375
954144
3000
4463
3791
4855
4778
4453
4247
4149
5274
4047
5288
4167
6477
4821
5830
4618
4422
3883
4361
4223
3996
4119
5812
2981
4593
3648
3541
6487
1910
4110
4459
3972
2530
3273
3898
5042
4303
3507
3655
3178
7558
2739
3970
952425
5025
5115
2304
5119
5367
6756
952531
6552
1107
4115
1624
5568
3795
6802
4927
2941
4775
3490
2038
2686
4833
5957
4288
4824
3491
4256
2743
1855
4403
2357
4302
4895
4535
5191
4184
2994
4586
2988
1403
3591
1362
4880
2870
5276
4666
4600
955583
5748
2173
3073
3142
4002
1802
4719
4199
3642
2096
5385
6091
2351
5115
4137
3601
3388
1796
7047
6706
4434
3088
2945
4314
2069
5215
1861
6668
5473
3153
4523
3305
2489
7113
3675
3854
2186
3098
6884
2290
6867
4539
4763
4963
957020
3985
4854
6060
3742
3245
3956
5981
2970
4983
4250
3693
4178
2785
6023
4757
1617
3237
3154
5074
2980
7852
4831
5893
3335
5338
1215
2457
2339
4688
3918
6836
4432
2969
4425
4018
5147
4463
2362
5720
3788
5088
1895
6446
5681
6083
2598
2845
4789
5600
4474
3051
7325
5280
5297
7089
953380
4246
7709
955415
3849
3511
4241
2827
6669
6417
5457
5305
3679
3740
4421
2553
5220
3841
5373
4358
3308
4699
5484
3974
7307
7184
3711
6357
6692
6590
5461
6555
3248
6162
827
6115
4662
5421
2332
1912
4213
3266
1278
3007
3463
6109
6048
5527
5903
4633
3780
4122
3006
956725
5779
1969
4580
5307
2582
3038
3019
4715
3018
4459
4256
3353
4136
4802
6545
2739
956464
952164
4086
2161
1836
4263
5705
4780
5898
4616
3206
4922
3836
7875
2564
5325
2030
4653
3493
2993
5487
5248
4802
1758
6356
5411
4493
4862
4106
4753
4833
4815
4646
4408
3960
5351
4892
5027
3951
4357
4077
3689
4283
3226
1550
2002
2166
4551
5492
3055
955519
3160
5402
954414
2680
5457
953311
3336
4855
5016
5282
6655
3209
3500
3823
5951
4785
4897
4806
4340
4904
4421
7253
3690
3546
3728
3698
4707
4899
4357
5369
3673
4222
4197
2727
6544
3316
4181
5662
2306
3359
3786
3782
3427
955332
5125
3697
7330
7246
2636
6442
5200
2733
3543
3504
3325
4797
1664
5937
4778
3815
5243
4245
3782
6314
953827
3079
6168
5642
5165
3920
2437
4529
7484
3374
4212
4579
3594
2255
4375
5014
2524
2125
1740
4997
4152
6379
3266
4734
3824
5518
3107
3852
4504
4817
3577
2938
4631
5737
5981
955934
3563
1390
3740
5979
8047
3700
4665
1230
5414
3250
3492
1134
4716
4176
4214
2673
2093
3805
5954
4174
8935
3836
1245
4593
1798
5788
6898
3902
3843
6786
3615
2431
5914
6300
4264
2396
4233
1521
3016
6956
5238
3489
2131
5001
4644
4180
4151
4453
2443
1849
5654
3764
5337
4169
5537
3940
4373
2880
5162
4259
5372
9143
5532
953262
2097
953193
5972
6137
1586
1736
2770
4141
3033
3849
2848
4171
3424
2285
4030
4027
5748
3841
6083
2364
3320
2387
3808
5067
5840
3753
954197
4996
4538
1689
4075
2356
5165
6226
5489
6719
7110
5380
4558
5891
7619
5852
5546
3465
3123
5898
2103
3661
1744
6177
4161
5383
1780
3318
6787
6020
3449
4315
6755
3374
1826
951730
2034
6531
3927
3667
5140
7389
4666
2854
6677
2820
4814
4416
7334
4572
4025
5336
2262
5100
5217
5408
5310
5069
5391
2530
1815
2672
5168
6471
7274
2185
4724
952543
5178
7249
3336
5827
5420
4615
4313
4491
955767
2835
3954
4524
4478
7670
4265
953572
6800
1738
4233
3412
3788
3137
6609
3308
3909
4041
4014
3704
5783
6872
4890
2150
6465
3714
5353
6516
3213
2211
4658
4433
5903
4101
4748
4623
5411
2965
4721
3482
4717
4284
4235
7420
4984
5981
4808
2382
3607
6726
2515
5359
3571
3013
2800
4828
3217
4949
5575
6078
5498
3098
4708
4421
4688
2376
2773
3727
5101
4903
4844
3231
4528
4356
4511
954687
3417
2897
5284
5171
4453
4416
2467
4248
951680
5994
2641
3887
5174
4421
4825
2442
3344
3751
6404
3583
3805
4155
4134
3943
1064
3891
3956
5667
7241
5349
4267
4213
3083
6181
4670
5692
6613
7060
1948
8125
4815
5056
1963
4037
3797
3748
955906
2892
4177
4216
4102
4223
1187
5366
6505
1213
4803
2259
3548
5654
2875
3623
2000
3261
5842
951992
3481
6203
3080
3600
2685
5738
2694
5307
4105
6519
4019
2359
3048
4714
4417
3037
4606
3208
3726
5171
5088
3908
2441
5171
3098
4089
952104
3119
5844
6465
3329
4383
2168
2885
2412
3652
3593
4918
3327
4038
953082
2808
4367
4598
6185
3821
6537
4321
954857
4404
4341
2495
5293
6133
4410
4095
955944
4080
4829
1683
2829
6367
2626
3961
3291
958635
4729
4341
7289
5299
4474
4075
2769
2779
4885
4297
7271
3224
1318
2553
955082
954481
4515
2818
7241
3995
5566
2658
5697
3987
4780
5019
4628
956565
4204
2082
3619
4832
5044
2668
2594
4346
3336
7051
4278
2664
7786
5422
4477
4035
4560
3731
3840
5012
4342
3918
3007
5423
4304
4341
1837
5471
3987
3141
2433
4907
7094
3920
2682
2298
6970
4032
6655
3140
5886
4615
4486
5574
4835
4862
3851
955055
1829
952589
5574
3635
5680
4899
2156
1398
1840
1185
5047
6857
3406
2895
3759
5744
4487
3821
5821
3279
2964
2552
3684
4569
7354
2533
4122
5077
4995
1957
5173
5131
5770
4218
3852
4553
3615
2030
2420
2781
956340
5281
5314
4482
2573
4722
1928
3976
4758
3953
954895
6096
3856
6363
3506
6021
6101
3303
5452
5858
4713
5702
4733
4263
4640
2169
4602
2280
4386
7717
3783
6362
3332
2718
955776
6606
3572
9226
5507
3231
4504
3590
5840
2699
3940
5988
6538
4810
4478
2884
3526
3689
1820
4764
4222
6013
4669
5053
5143
6051
4943
3330
3843
2819
3981
4095
5404
5536
4036
4329
3696
5055
4431
4858
2920
3872
3839
4604
5554
4600
2958
5348
1253
4717
3894
5374
2850
4139
952181
6105
2667
1366
3903
3717
4330
5167
4948
1361
3833
3387
4358
5394
3982
4054
7134
4049
5815
3305
951924
6188
4797
2789
3297
3918
5445
3490
2810
7686
2130
5063
5363
5481
957349
6291
4301
2905
4832
3175
4982
4429
3778
5338
3676
7170
6097
5707
5286
954691
1900
2509
3613
1512
6880
5595
3079
4375
3681
3998
3461
6491
2026
4527
3231
6271
953623
5205
5559
8635
5046
3333
4928
5738
6337
3210
2121
3728
5125
2424
954072
955738
4473
954396
3755
3402
2809
4835
5577
6857
5611
3343
5287
3741
5869
2112
2636
4492
6214
4108
3247
6804
3574
3891
4688
7958
3683
4893
5134
5672
1754
5714
2262
2736
3212
1933
6391
4532
3286
953696
2706
6067
4581
2927
3884
4714
3841
5308
4491
5413
3366
7856
6813
3709
2981
956329
8296
3808
2859
3566
1200
4851
2418
3460
3911
3762
1817
4528
4107
4002
6087
6759
6821
3480
2406
3984
5564
2855
5207
4654
3285
952521
5418
3223
4536
6688
5179
4796
3900
7562
6026
5286
4822
4691
5379
951848
4361
3837
4538
4839
4327
4515
7189
2708
2555
2746
5363
6425
6131
2669
951048
3569
3863
2181
3495
3935
4552
2738
1314
954
5362
3671
3292
5758
5465
3523
3766
4368
1483
3115
5306
3375
4008
4413
4569
2693
6518
5225
6922
5170
7694
1650
6898
6233
4540
3118
1763
6183
6702
2631
2203
3446
5082
6396
2482
5768
3446
3979
5097
6009
3757
5308
3928
4065
3339
5157
1735
3040
6824
5525
2663
5582
4374
1902
7102
4218
4014
953595
1814
2151
4906
4377
5320
5199
5196
7098
951625
4893
3688
2412
5692
2398
6773
7749
4758
2596
3877
4296
3739
4719
5722
6967
4474
3400
4150
3034
3160
6148
3438
5453
3546
4906
5020
4694
5560
2783
2394
4028
2145
4022
5223
958592
2055
2280
3520
7447
3443
5913
6363
5668
6810
4903
5336
3819
4260
6124
4918
6010
2759
1322
3077
1998
4279
3880
4425
6491
5916
2404
2726
3889
3762
5634
3112
3243
6306
7492
3097
4218
3837
3200
3445
2708
2209
6398
3316
5792
2589
1154
3396
5516
5609
3184
3303
3426
6019
4567
4320
5608
3401
4262
3603
6458
2765
1406
3527
951497
3326
7042
5103
4404
3243
8019
5073
5555
3365
4395
955632
4357
5325
4065
2520
4600
4267
3037
952068
4512
3067
5752
6867
3558
5404
6025
3857
3958
4843
3145
5351
2936
2873
2547
3092
3558
4720
3795
952532
3926
2662
5010
3576
4125
3431
3262
3021
1930
5803
8018
2322
4575
2259
6743
3817
3742
3698
4052
4951
5764
2681
3637
5112
6298
4167
4977
6575
5081
6848
1757
2972
5635
5321
5182
5273
4498
7509
3058
5468
4031
3304
2911
4465
6985
2074
4838
6980
4322
5255
5274
4661
5903
3615
6117
2687
956155
5744
4894
5589
4399
7298
7181
2867
4608
4188
6161
1776
5241
5200
3366
3181
4599
3475
5003
954874
3128
5358
1286
3563
883
2847
2923
2600
3824
1284
4185
4025
3140
2072
4984
4400
4243
953059
5095
3927
4249
3201
3647
6832
1625
4045
4122
3000
1208
3423
3128
955054
2623
4004
2260
955605
3436
2263
3936
4073
958696
3704
3053
4888
3288
5236
6929
4310
6425
3582
4741
952803
3188
3503
3492
5063
4545
4802
5327
3497
5945
5024
954853
7847
7559
4333
4602
2572
3942
953676
6728
4323
3970
5845
7471
5122
952673
2431
2280
9896
3975
3563
4036
3145
3522
4679
5432
6709
5789
3927
5659
2374
3845
3905
4391
2663
1950
951501
5210
5835
3793
5660
4090
3462
5086
2664
5150
953726
4063
4955
2234
3236
3932
3671
3194
3580
8270
4896
4445
6038
3282
4124
7479
6568
2327
4673
5225
6672
951462
4570
5242
4681
2764
3799
5452
3906
952333
3734
4785
4702
8264
4680
4181
5601
3818
4246
5260
2234
3438
1489
4616
954248
3555
955113
2267
6641
3333
3287
954727
955600
4378
6654
4981
4154
3844
4952
5593
954025
5593
7520
3955
5072
3473
5755
5737
955173
4652
3904
4915
3045
4970
5121
3428
4058
1514
5984
2464
3123
1347
7108
6384
2233
2632
4105
2144
956358
1407
3606
4512
4747
6147
5455
5512
4447
4261
4161
5337
6764
4483
5609
4125
3478
4895
1968
2478
954060
3069
3358
3024
6404
3221
1865
4414
4213
2512
5634
3987
954067
3490
4471
3365
3306
4148
5855
4986
4360
6288
3667
3357
4875
2545
5344
4351
2559
952371
4296
4718
3079
952258
4599
5433
7325
5299
2740
6901
3811
4610
3549
3327
4059
3326
4948
5210
6968
4163
4576
4661
1298
4314
2569
5686
2837
2681
3860
3221
3584
2400
6673
4491
5110
4324
3460
5145
3280
3596
5807
3864
4547
4043
4607
2697
5117
3991
1942
7002
2322
5659
6652
5311
951577
4117
4472
7596
2990
7568
3914
4512
5202
4755
2430
3349
6182
3386
3508
958441
4285
2572
2393
5818
6145
5389
5528
4194
5760
3313
3036
3763
3505
6066
4261
5888
5529
3337
3093
3845
5868
4692
2798
4490
3074
2914
3809
3625
6842
3438
2342
2272
5674
4567
5004
5110
3477
3404
2166
3810
7065
4403
4109
4951
3183
2021
4780
1963
6643
6293
953863
6171
3378
3518
6667
3596
953867
4904
2438
4295
3997
5661
5180
2099
4145
3846
4433
3747
1772
4798
5476
4690
2681
953515
4860
3614
6013
6086
3536
6422
4168
3913
4932
5825
3057
957102
3645
7038
4662
3598
4694
1466
6613
4551
4739
7179
4842
6340
6393
3301
4599
3806
4260
6547
3518
5216
3383
4777
4339
4716
4417
954532
4205
3774
2835
5337
5619
3497
5047
6718
3811
5046
2035
6283
5345
5204
6177
5020
7248
4291
5352
3749
1265
5077
3196
3315
2827
2604
4905
5727
4792
4642
4952
2449
954395
4784
951159
2157
2273
2348
3584
1295
2477
953279
953218
5941
4909
9248
4413
2612
2817
4101
1720
4186
5937
3292
5009
2601
4298
2285
4043
3675
7151
7486
954285
5171
954137
4262
4504
4335
5465
6015
955989
4959
2500
5846
5833
953334
3636
5082
3512
5402
2263
4535
3297
953389
3648
6823
5805
4828
3401
954344
2996
2347
4909
4171
3726
5233
2972
3367
6572
4247
2309
3011
3262
3465
5506
2492
5056
3229
5209
6625
2919
953058
2309
5085
6323
2190
5342
5198
5799
6475
2710
4452
5311
3817
4992
3775
954969
6435
4150
2522
6127
1901
955351
4929
3651
5895
3764
4951
953645
4734
4585
3081
5067
3208
2965
3514
953563
4646
2720
4948
5304
4196
2015
5896
3441
2932
3529
3249
4115
3670
4953
6225
3350
5019
6101
2896
5339
3288
3647
3573
3537
4922
958518
3137
1785
3781
955063
7179
4167
953255
1663
2572
3357
4099
3879
957426
4080
2565
4079
5453
6781
5330
902
5565
3499
5179
3064
3723
4283
4966
3709
4019
2943
2845
4376
3203
3642
7075
3808
4918
5456
3264
3447
952808
3045
5733
6066
4096
3550
5593
6157
5816
952884
4908
5867
3534
3096
954667
4898
2714
958175
4591
5834
5289
4523
1423
5602
5709
3331
3094
3648
2336
6941
1696
5356
6020
1554
5206
7195
4805
3156
6476
4940
2709
3006
4919
5367
3303
952277
2471
7330
4867
3672
5183
4650
5132
2734
1632
4339
2750
3527
3867
4994
6767
1822
5427
3194
4303
3676
4515
6064
2984
6551
4143
954202
4474
955116
3687
2190
3425
6568
6786
3804
6793
4995
3964
6218
3300
4814
3769
2383
4329
4942
5613
2401
7007
5196
3902
4774
4685
3940
5400
3946
3330
5430
3434
2058
3001
5272
2613
6030
5343
6753
5552
8046
4713
3604
955490
6258
7195
6076
3894
4592
4565
954085
2566
6752
2635
3237
4413
2817
3084
3487
3873
4281
5568
4374
4785
2644
6022
3028
3876
4265
6000
5140
4165
3050
2318
3042
6361
3162
5465
4888
5000
1851
5923
1700
3164
4440
3674
1828
4125
5233
5514
957959
4939
5632
2927
7095
2778
5403
3248
955968
4040
5315
5836
6594
3812
3695
3763
2127
2095
6485
4851
6495
2250
3569
2702
4454
4516
4367
2940
955271
3923
1297
6689
953368
5531
3163
6051
3264
2943
2148
4206
6387
3189
5011
3529
4967
8213
5713
5128
3840
3820
3357
4091
4588
5199
3303
5187
3969
5123
4433
4491
2053
4647
5110
4351
2710
2932
2170
3463
3507
5939
3628
5446
1147
4089
3151
6981
3835
4160
2594
4409
4455
2108
2528
3387
1340
5072
4996
5837
5105
3499
956306
5078
3519
4852
953253
3988
4265
3455
4342
3066
3699
2826
5751
5542
2799
6357
3574
5581
6645
5351
2154
2189
5472
3992
8669
2289
1735
956143
6183
2672
2391
953257
4869
951764
4429
5041
4892
3710
3006
2344
5549
954860
7776
4779
3675
3752
3740
2800
6294
956734
4395
955955
3582
4621
953309
6328
4634
5838
2688
1903
6129
5935
4316
3733
4181
5858
4066
4866
3180
4684
958121
2470
5235
5442
957807
4333
2609
5101
3771
2850
4786
955875
6216
3057
4438
5869
6542
3601
5654
5484
3416
2467
6220
3925
1738
4572
6719
4591
5638
4806
3978
4892
4284
955715
5471
3066
955799
954966
5924
4687
2823
5349
2907
5387
2346
953309
5530
3534
3148
5319
954829
3607
9678
5228
3253
4344
953930
3573
3376
2053
3219
3363
6619
5097
4078
5903
5156
3222
5027
4542
3808
4432
5795
5586
6096
4394
7774
6704
2581
3523
3269
8256
3789
6269
2253
5373
6382
4517
1725
5238
4652
6028
2795
6532
6875
5471
3117
6857
3817
957178
6539
7420
4583
4188
5376
954861
5474
3048
955817
6831
7397
5931
4478
3876
2239
8217
953781
3610
953780
3798
2426
4145
4452
4955
5944
4246
3233
4088
3106
7281
5617
3026
5019
5302
1862
3253
4853
5760
3550
7556
3287
4938
2625
4555
4087
5366
7372
2121
3590
1294
4486
3920
953926
4237
4229
955960
5751
4186
3218
6770
4374
4500
7140
3823
4328
5322
3304
3154
3813
5630
4338
1236
955059
5303
4742
3404
5096
2753
4722
4394
3100
4895
5651
4708
6003
5052
4672
4795
3373
5662
5611
3829
1428
4675
5133
6355
1578
4530
5638
2328
4244
5895
6169
5169
3937
953299
6007
5461
3284
5513
4790
1888
5305
2527
6564
4140
6287
5059
1256
4108
2341
6747
2722
3210
3655
2224
4390
2668
4197
4913
5800
4573
4632
5323
2996
7349
4060
3889
1172
958782
4326
956951
2088
2442
7694
4897
4104
3606
2647
6164
3600
3609
4666
2857
3883
3386
3485
8792
3729
2516
1723
6623
4678
4811
5230
3271
4470
5208
2405
1870
3287
3790
2132
3185
3933
4408
3591
3000
4590
2470
5823
5329
7506
6470
2672
4794
5008
5286
3066
4835
3551
5359
3863
3319
3477
5122
2810
4088
4406
3516
4337
3651
7635
2995
5000
4246
3191
3073
3084
1333
4877
1913
954502
1547
3488
2931
4436
5645
3903
4569
3665
4132
7542
2548
3172
3398
1509
6730
4424
1521
6463
2671
4377
3670
3400
4600
3659
6016
5354
2393
4051
8552
2053
5981
4274
3259
3750
5365
5340
5263
5382
2288
4750
4166
5852
5098
3243
2268
955691
6026
4965
1837
2660
954751
5218
4575
5508
4247
6361
4514
4670
5363
7459
4792
4095
3118
3651
3413
5778
2355
5122
3678
4470
4599
5660
3428
4196
6159
5867
3327
4190
4732
4241
3104
3492
4080
2811
6023
3403
4139
6316
4505
4297
7200
2763
956131
2742
3486
5575
5324
955347
955462
3810
3132
5308
4037
4658
955937
6253
5176
6705
5864
6181
4811
1200
5530
2074
3373
4817
8104
4437
3973
3354
5749
2722
2897
5569
2523
3576
2435
5861
3300
4490
958832
2318
6502
4485
2873
7702
3979
2562
3237
3723
4814
4171
4065
4563
6174
4477
6189
2746
3587
2407
3804
952972
953752
4291
2567
2648
2745
4331
4221
1492
955199
952445
6924
7140
955745
3214
3233
6008
2167
3748
4026
4485
4875
1422
4551
3660
6651
4689
5487
955181
4205
6110
3690
5161
4045
954480
4878
4937
4237
2761
3787
5947
3925
3513
3393
4317
2918
954319
2121
5887
953405
2072
5023
4612
4002
957946
5969
2268
5403
4071
3973
5187
3107
3688
4334
6295
3383
4896
9241
4965
4691
3952
6564
2963
2862
4759
3948
4029
4968
6710
5843
3548
2496
7266
4010
5232
6705
5885
3213
2588
3912
3153
3087
4674
2254
4755
4744
3644
6422
3135
4339
5934
7262
8652
7685
4564
4534
5372
5364
3090
4949
4169
4467
954966
6500
8137
3828
4158
4309
947
3401
955979
6417
2622
3249
3590
2226
1899
3499
3180
1243
4226
4290
2738
3931
4346
4781
3151
5756
955630
3259
3066
4249
3168
2122
4964
5897
4674
5875
1863
4390
6471
6765
3915
5744
3659
7006
5538
7133
4940
4210
5271
3589
7544
7327
2271
3596
3664
2314
1378
1251
2221
6355
4527
957752
1674
3800
3973
6653
4511
1307
5437
3619
2951
5758
4064
6218
3636
3187
5771
5572
3659
2191
3878
4212
3694
3825
6444
3774
5169
4492
5153
2346
6034
6903
3946
3594
5056
7506
1525
2837
2952
956410
4053
2286
5087
954600
1560
3305
2078
6106
5511
4438
2372
3912
953931
3405
4892
5237
3122
1462
5764
6564
6155
3075
7453
3396
4291
3520
4524
954945
956145
5662
7409
7255
3300
3450
2639
2208
5555
3982
953863
5389
5201
4202
952591
5183
4784
1465
3027
3071
4339
4179
5907
3734
2387
3296
4777
2514
6740
4242
5246
3040
1807
3523
5810
953482
4174
4983
6795
4352
4100
6194
3766
4405
4237
2165
956687
4230
5178
5815
4880
5680
3033
2562
4001
4595
3448
3898
3015
7868
6998
4979
4431
4137
954781
1623
2737
6778
3204
4436
2994
3829
4495
5798
2329
951476
4769
4182
954622
3541
6169
4666
5306
4010
2033
4939
4075
4804
5305
2942
2696
1301
7129
4254
4617
2204
5691
4630
3642
955259
1495
2441
3782
4208
952315
2342
3972
5963
4508
5403
5406
5523
2457
3996
3188
3894
5107
5627
5755
6028
3302
3150
4692
1849
5048
5465
5663
957961
8448
4476
2156
3810
5609
951730
5402
2632
4859
2979
5695
4212
5370
5535
3597
4452
4920
5854
4018
7569
6242
4859
1624
3237
3548
4433
2721
3116
3619
4987
5240
4139
2677
2897
7818
6778
4454
4644
4234
3131
4279
2697
6362
6325
2821
4314
5766
3974
4625
4470
4651
1308
5586
2631
4498
2664
3060
1547
3437
5553
3271
6036
5799
3421
954373
5668
3675
2740
4271
5234
3820
953912
3712
952195
4223
3942
4006
4189
3524
4148
6789
1951
2677
4668
6188
3842
7815
4877
3543
3603
4101
1440
2517
6253
954797
5380
4062
4086
4319
6974
4603
8123
4758
4831
3687
3786
5283
4454
3267
3577
2956
3273
2796
5128
3113
2941
2500
3791
6747
1392
955191
7013
4719
4177
5993
7027
4586
3233
5752
5606
5076
2626
4177
954516
5169
2916
4352
4953
3119
7837
4096
4627
4025
2523
2710
3031
7190
3354
4603
4082
1223
4924
3572
5763
6058
4924
3771
2371
4324
4577
5087
6651
3528
4027
5228
4749
2862
3160
5299
3632
2545
5198
4907
4055
5307
2258
2497
4627
6058
5495
3241
955243
5210
6033
5204
4046
4474
3284
955344
4935
958054
5810
2270
3623
4847
2893
3492
6813
4199
4351
3816
3805
5247
3805
4767
3731
2493
1257
4058
6099
3467
954149
3345
4914
5523
955479
2436
950985
955950
4506
4254
4429
3150
2687
1974
955925
6966
3651
4367
5591
5021
4580
5102
4021
5170
2523
2624
4005
3990
2594
3781
3914
5231
3308
5133
3666
5990
2684
953763
4843
5014
6765
2680
3075
4862
4274
1654
3076
3743
3181
4637
4050
4246
4552
3293
6034
