4050
1923
2539
951512
2032
1508
1564
2257
1782
1751
1095
3615
3890
1617
602
4790
2507
2414
482
2662
2141
1218
498
1933
978
3684
1052
824
1433
1549
1333
2213
1147
1605
2609
2367
2397
1955
1431
1175
772
951757
2113
2059
1470
2133
1941
1422
2822
2932
2658
1306
301
2380
4533
3612
951872
2609
458
1567
1699
243
1077
2080
1813
1471
3664
1585
1762
4352
451
1121
953
1549
2332
1861
3270
1780
3832
1258
897
2038
2540
1931
2254
207
1135
3599
3956
2075
943
1277
1143
1875
4036
951439
1333
2074
2824
229
1847
2734
184
2740
1795
1560
1968
2249
1216
1973
1376
2333
1462
1039
953514
1226
1589
1233
1594
1863
1455
1149
1890
1996
2173
2395
2199
602
4688
2870
3436
3920
1042
1675
1340
1266
3489
546
1106
3811
1919
1222
3652
2058
1299
278
996
951684
2768
2249
1782
677
2327
504
3892
2067
1996
3529
3856
1130
951972
1810
2172
993
1020
2829
1751
2865
2916
1389
846
781
1619
4127
1269
1537
5093
2212
1183
1682
1289
1456
3976
2612
3265
1657
1189
1391
1374
1640
2483
2900
2158
1101
1412
3989
2959
2717
1032
2409
2932
2766
2154
2983
2692
1759
1018
1076
1651
746
5841
1600
1411
4178
536
3545
2128
1188
3679
2202
2216
2480
1478
2685
2283
2146
1538
574
2235
2654
2858
2928
1688
2363
2692
1787
2190
1961
1903
4096
3727
1774
1542
3180
4163
1563
1115
678
1500
1645
1435
1851
1928
1637
1378
2859
2002
863
2753
675
2528
2028
689
2022
382
447
3638
2213
1398
2783
1253
1493
1105
2267
1966
3346
1401
968
892
2841
2445
2123
1247
1998
2650
2552
3414
1046
324
2911
2970
1951
1994
1085
1132
2441
1334
750
1699
1748
3475
2733
1255
2599
3218
1070
2281
3347
2498
2042
2383
1833
954907
1413
1300
995
2408
403
2704
3813
2954
1201
951276
4352
1611
3586
1003
934
1956
2763
1868
2490
5182
981
1489
1638
2285
4314
2078
973
1467
3945
1402
1933
1864
2102
1564
2867
1008
1872
1001
1756
1862
1861
3030
894
1021
435
805
2395
2323
1197
1611
2392
278
2302
778
2457
702
1520
2993
954336
2676
1848
1360
2093
2338
958
928
1237
2358
811
2329
2258
1555
1093
3496
2915
5441
2543
1867
2352
715
1130
1740
2268
1462
4062
2221
1473
3089
1784
3171
2925
499
1540
1198
3046
897
949
1668
2107
951989
2211
113
2819
1726
2870
3626
950
2262
3073
3822
2392
962
675
2855
2543
758
2166
917
1536
1913
1483
1350
1969
2344
1897
470
2488
1447
2445
2806
2816
837
2071
2559
2046
3212
2564
2846
1470
1043
846
2669
1367
3311
1044
2382
1912
1616
2052
1608
6076
329
2342
2035
1123
2008
1127
1919
536
2477
3035
1134
2015
1897
2754
492
1818
604
2556
5991
2244
1033
1772
3635
1328
1786
2490
853
3602
1331
968
1207
1735
3476
2882
3034
1622
1735
528
1268
2324
1817
833
1660
2062
2022
777
1073
1731
1420
1109
826
2998
2806
514
2528
3573
2318
727
3380
1968
1145
2680
1561
6045
2528
640
1989
1249
1850
2628
2085
2031
1910
2931
3605
2389
1884
1476
1751
3375
2228
4993
935
2453
1046
3576
1317
2319
3293
4027
2031
3637
1915
1919
2542
3321
1104
1786
2385
723
1300
1304
1482
1152
1835
1308
1096
1666
1975
1476
1239
1745
3478
1814
1118
2588
1610
1743
2483
1483
1486
2523
2803
2626
1888
281
1515
952085
2429
951556
2359
2370
2388
872
2940
3810
1861
1870
2047
2321
2042
1043
2121
2223
2707
2604
3629
2806
3533
1636
1444
1260
1474
1075
2196
1439
4278
1195
2103
1447
1650
3905
2702
1704
1369
1386
1488
808
952638
449
951676
2216
715
1786
2144
3039
1166
2279
1334
2588
2095
3142
1781
1351
1157
1764
951983
1576
1156
1798
1780
2630
3585
3487
1601
3689
1274
2677
2132
2011
1893
2085
2148
1783
3526
1848
2311
1753
4189
3572
1230
2106
2210
1573
951849
2841
2200
2917
2957
2086
2064
2962
2436
3318
1729
2137
2339
797
1116
2097
1398
922
1703
1929
4913
1141
1648
3002
1282
939
950909
2332
1216
2990
2477
1994
1143
2348
2188
954
1838
2303
2769
899
2048
1046
4777
2574
4367
1239
1741
1229
1788
1186
1873
980
2146
2223
3703
321
2685
4372
2339
1731
3081
1170
2624
952277
1296
2395
4676
6610
1929
1717
2560
1596
2413
1894
1794
3390
1683
1922
2685
2167
3845
2950
2617
1626
1686
2581
2233
2804
1978
935
1275
2412
952357
1968
2307
3348
1776
2587
951148
1243
2279
2403
2609
1423
1189
3188
1224
695
247
2210
1808
2172
2913
1130
1064
2164
1766
1587
2030
1451
2174
1910
1047
2753
2506
1619
1617
1445
1977
1728
1522
4503
1380
1720
2010
1679
1018
1636
2997
61
1197
3546
2297
749
3240
1024
1528
1815
447
2669
896
1341
952589
3620
3304
2181
2463
1757
527
1006
2454
950715
2111
1579
2899
3022
1213
2183
4302
1907
2543
1075
1797
898
1364
519
1060
2018
852
1053
1947
2013
953889
1979
3208
172
890
3543
1120
574
2065
932
1878
2496
1800
3893
2348
1681
2054
823
2586
3498
2665
2503
848
2452
1700
1321
1614
2856
1167
924
1922
2873
831
1370
1751
2806
2027
1200
1042
2050
520
3154
1313
365
3357
1996
2263
2533
3566
1583
1568
1176
748
2624
2718
2237
1143
2147
2025
5181
2431
2572
1343
1351
2421
2679
2509
1176
1853
1188
1228
952658
1335
2938
1906
1208
2021
1727
1047
2421
333
3631
3010
3380
2434
2204
627
1750
1593
1221
1546
2612
3218
3046
1668
1562
1012
1597
2133
2013
729
1289
2539
1928
659
3217
1263
1758
2800
1393
2484
1781
761
2062
2975
2608
1751
1022
1869
892
1560
2543
3357
2332
940
2262
3064
1785
1265
1421
2567
2636
468
1959
2696
1527
5709
2036
1828
2950
834
3966
3379
1522
5845
1426
697
681
2278
2487
1734
684
1354
1580
2797
952321
928
1693
1155
1570
1974
1461
3495
3981
3627
2340
3708
2032
3387
4020
2573
3246
1874
2476
1391
2196
1738
1700
1620
1078
1562
1215
2527
1561
1655
2342
1539
3339
1675
1079
1960
600
1352
2997
1192
3728
2869
2372
1758
900
2158
2829
1550
3539
2237
1371
2684
1104
933
2914
2388
3560
1372
1659
1297
1008
1146
2232
708
1230
2494
2182
498
2346
1679
1119
3491
2502
1647
492
931
1826
2396
1923
1467
2633
1459
1916
2175
1299
2731
1561
1530
2208
1352
952293
1441
1910
951735
1283
1094
1378
1258
2686
3087
4378
1669
1025
1856
2115
1188
1910
2499
1500
2407
2038
2094
1189
3161
2970
1127
1341
2491
2615
2607
1718
3002
1221
2495
2378
598
2524
1442
2482
492
644
1113
2674
460
1727
1487
1044
2128
2091
3294
2298
2008
2287
2644
2465
2207
2280
341
2186
557
1878
142
1277
1129
2232
4000
1817
2300
2108
570
1518
3385
2276
1013
2212
3122
1300
1462
2060
3473
951137
701
1730
1551
1847
1963
1161
1895
1708
3960
3241
1728
2437
447
1474
1181
468
2525
705
3237
2505
1863
4965
1748
1856
2727
2152
874
1230
3159
1858
5421
3830
2368
1828
2521
1418
1461
1288
1883
3124
1489
980
2500
1499
2464
1596
1021
2801
369
465
2281
1069
3010
1426
1638
2281
2935
2288
2128
2444
726
2790
1713
2144
1369
3913
252
962
2385
1132
2828
1931
2125
2204
882
4713
1831
921
700
1800
3855
1812
1670
1139
345
2426
954241
1425
679
866
1093
2532
1644
1663
2037
989
578
1318
1382
3348
1549
1456
2173
2724
925
2154
570
621
2039
1629
2679
1839
2998
1133
1641
1621
1772
3687
2928
896
3079
3457
1199
1144
2692
1824
2319
595
1771
952782
2117
1457
2180
1468
1585
1310
1629
1347
1380
4582
3593
2106
2490
2567
1494
1542
2411
1203
952194
2383
1839
2767
1801
2154
3018
3197
2096
1216
2777
2698
1538
796
3287
4309
2705
1731
1337
2734
1830
2033
2443
1415
574
2143
3041
2457
1444
1741
3654
1373
2651
1714
725
1338
2743
466
953354
4787
1376
3562
2764
1156
1480
3147
2700
1609
1559
1643
731
2312
1043
243
4938
950890
2071
2824
1897
3631
2701
1325
1048
3497
953887
764
2854
2364
3341
1559
336
683
704
2322
613
2939
1061
1237
2028
2104
896
668
726
1281
4061
2461
1565
1662
1447
3703
1571
3478
3844
5974
1216
2470
1780
2363
1374
2143
2025
3646
4199
5332
2708
1615
3051
1829
2612
1593
2765
4062
2004
260
1631
2197
1769
951012
1102
2113
1284
2665
1954
1110
1448
364
2116
1511
2543
1658
393
1614
2402
1860
2796
2536
802
2153
2648
2753
2927
1941
1644
2111
2541
1412
1325
1258
1022
3987
2397
5822
3026
1402
1273
1118
810
1769
952629
2348
2785
2552
1993
2492
1775
54
2772
4496
3268
2018
1005
848
2776
1025
2322
2994
4580
1101
2324
2080
782
2514
2238
2421
1356
1931
1146
3592
704
3030
953546
1629
1986
1934
1934
2098
1708
1869
368
3143
1824
1730
5128
954516
389
3185
2528
2962
3499
3319
2686
953
1791
1979
305
1571
3546
1837
1665
1593
1317
1652
4355
1314
3324
1495
1466
695
3207
1689
2548
1784
2513
2586
3253
2436
1843
2419
1364
2374
3555
2499
1459
680
3401
1815
1785
2640
192
3701
1813
2637
1151
1320
628
1275
4232
1420
1544
1141
1983
3071
2550
1688
3577
1760
5272
2199
833
2005
1926
950860
1776
1331
2450
2347
1521
1738
1769
1963
1170
2046
2387
3265
830
3987
1734
1040
1648
952484
4724
3488
2561
2602
1618
952726
2839
867
2774
4801
2641
1466
2058
4607
3238
1031
5087
1602
711
1466
2224
952518
1000
1177
1607
2233
1851
3587
1625
2818
3091
952343
921
979
1664
1120
2086
1443
2297
1307
1582
2633
588
2474
3972
1639
1610
2830
1240
2875
1804
2501
4728
2577
2289
1591
5429
4455
1146
2425
2471
3583
1108
2691
1463
1747
2426
2060
1521
2985
3977
1872
776
3146
2983
487
2714
2393
1636
2496
4403
3861
1619
1626
1790
1300
1307
3088
1440
2549
3772
2866
2934
1848
3632
1416
3144
2398
1343
5419
729
1116
1710
1376
774
3331
1275
1089
228
4583
1560
1022
2453
3727
2719
769
1570
1478
1181
2371
726
3461
3699
1752
2245
1487
1156
951794
1000
1922
2570
1513
5857
1808
2783
1006
3513
2325
1112
1393
1052
2824
2680
577
2220
1245
4270
1930
2162
3250
1852
1666
1441
1361
3501
1778
1934
1432
3205
2051
786
750
1912
1451
1971
3091
2817
797
2566
424
4431
2812
1187
3437
1775
1799
1800
763
2573
841
1630
2326
2961
2292
3308
1598
1725
1594
2457
1604
468
3753
1961
2590
6438
3058
2372
653
1460
2355
2123
2679
923
3011
1684
2053
1904
2450
1500
2479
1746
3348
3261
3306
1745
3024
2602
1528
2585
2519
905
2286
2872
2611
809
1066
260
2098
1217
4250
911
2361
2234
2002
534
2022
2719
2221
3218
1572
707
2500
1935
1157
1799
1048
1750
1512
1129
2512
2070
2610
1245
1126
1652
1937
1890
1555
3258
2872
6897
3086
1671
2546
1262
2209
3057
2548
2321
767
1929
1017
2112
2938
3326
701
2146
1708
1344
1483
3367
5435
1383
2035
4161
3135
1560
1466
1892
2696
2191
2743
2466
1008
1739
390
1924
2418
2336
1780
1405
2451
3147
951295
1572
979
1152
2348
2168
1386
3130
1371
1861
2726
4144
1974
1213
3246
2486
1150
1568
1015
3191
1605
4597
1252
2476
1865
2976
1274
2743
1143
3000
3107
1983
3835
2046
4204
1855
2267
1738
1223
1501
685
3337
500
2782
1351
1232
1577
4862
2576
951539
1979
2093
927
2039
1792
3191
3961
835
3011
3062
1066
1881
3105
1215
3345
4542
3891
3177
3505
3434
2334
2922
3051
721
1237
2167
1207
2871
2767
2733
1532
1668
2841
2795
1560
5214
1574
1303
1317
523
2696
1199
1489
1903
2669
693
2576
2083
1870
952
1764
2167
730
1606
1846
821
4115
1438
1666
2326
1879
950952
1352
4407
1272
2533
952202
4192
615
1522
1804
3791
1562
1206
2760
2239
447
1906
1086
3352
708
1941
2234
1850
1507
951833
1204
2922
3394
1674
1882
1650
1278
1192
1066
2023
890
1434
1404
3410
3323
1595
3938
1934
608
2093
2742
2217
4074
2717
2392
999
1091
2221
2971
1072
1545
2040
951190
2275
5009
2153
3313
2434
1644
4097
777
1540
1538
3457
1429
954022
3823
2012
1466
1423
1381
1692
2220
1155
1105
839
1468
2557
2033
2329
1955
2737
2048
712
1423
2933
4921
2021
1762
3090
1354
2082
1604
1339
1278
2085
1991
1646
2511
4210
861
953466
2791
2768
2380
2703
1537
1332
3352
1809
967
2782
1132
2092
1425
1966
289
1529
2843
2975
3073
1808
2620
2040
824
705
3592
858
1232
2379
6145
2093
1672
6587
2944
2135
1252
4043
1726
774
1152
952482
1907
1924
1006
1391
1997
2022
4573
952184
3707
2825
1218
724
893
509
1810
2726
1279
2661
2230
2808
1097
1997
2045
769
1829
2830
4173
2753
1252
4157
3611
953662
1332
663
582
4121
2939
1426
1058
1810
1838
2719
2132
1516
5787
5269
2830
2083
1058
2145
794
2283
1043
4208
2388
1490
1514
895
1869
1663
2315
6849
1901
2371
937
2421
1769
3785
305
1008
984
2478
915
485
801
2737
2857
3673
2074
1043
3428
1340
1742
3135
3386
3809
1324
1225
2161
2158
2306
3145
3217
951581
1589
953268
2080
796
5480
1728
1076
1316
1642
5616
3473
2086
2502
2144
2314
1723
1706
2326
2253
3376
4800
1491
1335
1592
2828
851
2078
1839
1198
6700
2039
1123
678
2494
2471
1624
1205
2426
681
1193
3100
1275
1564
2203
2089
1619
2369
1908
1951
812
604
661
2495
1751
1908
2005
3733
946
2588
2032
2231
1034
883
1535
3273
1479
951985
2485
1106
2432
3552
1779
843
849
3832
1165
2100
3257
2018
2504
1264
1510
1540
118
1999
2223
1749
2455
3203
1439
1406
2565
1222
3589
1764
1818
1341
2574
3203
3428
1022
1659
1834
2578
3330
666
1637
1853
1637
1957
2876
517
3310
1514
3134
1698
3192
1941
3813
2615
1707
2560
3219
3338
2415
6211
2902
2837
2267
2356
1440
1201
951214
2394
2659
950252
2253
1139
1475
1087
4071
1778
2859
1858
3139
131
3657
874
1262
3099
3114
500
1898
1652
1843
2283
2001
4263
3394
2287
1800
1616
1690
3318
4745
3277
952446
3515
3446
2212
2082
3072
2097
1081
1705
1716
1738
2986
1373
2102
914
1993
2708
1758
1857
1006
826
1352
2003
2187
1529
1969
2658
2586
939
925
1693
2014
2924
1573
1992
2247
1601
5527
1127
951836
1530
1205
1757
3744
3464
2676
2330
1636
1349
1394
3052
333
1311
1319
468
2947
2588
2193
3752
1511
1988
2432
3533
2970
1919
3547
1951
2271
1832
1805
4696
1163
1931
1718
2734
1316
1285
2546
3940
995
1670
4212
990
3095
4448
2896
1068
3538
1233
2652
950
1852
743
4617
1792
3360
2106
972
764
1868
1368
1859
1939
2274
787
1411
3264
2612
1407
1278
2253
2838
3892
2165
875
898
2078
884
1225
1739
1520
3301
582
2246
467
750
2060
2947
2471
833
73
1706
2215
2604
1664
888
2598
931
1731
2165
1654
766
2167
1478
3321
641
1921
4492
1423
2437
1420
1778
1443
1017
2374
2028
2332
2032
566
1276
1213
3067
3239
2506
2327
2432
1902
983
2150
4058
4218
2031
2113
2207
2459
2238
1324
621
691
2534
1948
1916
1317
2601
966
840
1236
950513
726
2568
2294
2583
1715
1832
1450
1789
2983
885
1371
1844
2956
2728
3784
1851
1140
1708
1540
1540
3854
1864
2271
1389
2041
1268
952532
3937
1926
1760
3091
1482
1883
4177
919
1111
1600
3146
2196
688
1536
4134
1282
798
1583
1004
872
761
1786
2697
574
1767
3404
3106
7401
2622
702
1502
1289
1745
1375
4502
1906
1252
3218
2140
1183
3533
1812
3501
1261
904
1803
1697
1090
1431
767
2532
1469
2775
3055
2180
1998
1927
2597
1195
2271
2354
1661
1698
2960
803
2323
510
3464
1030
1317
3481
2812
1856
3447
3557
1236
2002
2984
2450
2622
1880
1046
2080
3676
834
3290
2155
900
1636
6579
4356
2266
1106
3299
4543
774
1089
223
2297
1669
3020
2161
384
1122
1817
2801
2369
2904
1338
1238
3473
2584
3489
3047
2800
1704
2639
2480
1752
3677
1269
492
2888
1131
1618
1968
4322
1432
1137
1511
3320
2035
2830
1978
2948
3272
2289
2442
1009
1121
1764
2101
1624
2136
2756
2518
4486
1362
1345
1212
1842
1791
952050
1133
3413
3242
4193
5040
1027
1499
2008
1024
1634
1678
2042
1742
475
1998
2446
1171
2681
708
1492
1095
979
1076
543
1591
3298
2843
5449
1441
3920
2014
3324
1464
1678
1023
1468
2339
2250
1234
2148
3222
953172
2279
3388
534
2333
1208
2006
968
2080
4211
1733
3698
1788
3184
1813
1468
1036
466
1356
1559
2250
845
4501
2223
5572
1240
2983
1630
630
1181
1504
1998
953910
1855
1342
2183
466
1192
2864
2931
998
892
925
1933
1655
942
1142
4209
1691
1315
2251
3400
2532
2580
1037
3768
1450
2111
1982
1506
931
3431
2263
2961
1462
1596
555
1402
2209
2320
3271
1738
1055
3418
4407
1990
2666
1778
2317
3347
1625
1310
890
1796
1119
2515
2625
4758
1515
2041
1356
531
1412
2201
2756
1559
3182
2002
1033
1154
2232
2408
2472
2275
3590
4789
1486
1383
2202
816
1346
951157
1092
2008
1082
3017
2674
1517
3428
447
1590
2157
939
234
696
1383
4494
1997
1194
2957
2268
1411
2755
1160
1411
1904
962
5218
1478
3055
4380
1043
893
1511
2782
1095
1197
4083
2943
1538
1382
951349
1906
3286
2651
185
5010
1949
1031
509
3018
2660
1350
2167
2936
2164
1872
1632
2336
2073
1901
681
1544
1324
1581
2299
2640
1220
858
1988
1581
1185
1627
1477
2154
1919
2012
719
2037
3144
2453
1042
2940
2100
2602
3872
2013
1923
1058
1386
1913
663
875
1443
5025
1644
2572
1601
4180
2482
2669
3391
1113
724
1336
951306
2665
1951
1416
1794
2900
996
4297
2175
1088
2021
3295
1676
951430
4446
2133
3507
1206
2653
1453
2463
4164
1818
6311
2728
1949
826
3500
2516
1634
3141
1895
2853
951792
944
461
1540
1683
2830
2313
2826
2319
1176
1991
951547
1418
1889
3180
2805
2102
2111
723
942
1402
1904
890
1482
3137
853
1683
2446
1903
1844
1344
750
1420
2223
2318
1649
892
2072
1913
1965
1002
893
4740
1593
1150
2000
1396
2007
860
2571
1518
1590
1995
4135
4709
1664
467
1691
4533
2304
1142
823
1652
1581
4877
1230
2403
1851
2428
2369
4296
1896
1925
3151
1813
2744
1221
1423
1065
640
365
1992
1302
3688
2305
1936
3090
2829
3728
1457
1645
4303
1537
1136
2042
2487
4172
2622
2328
1200
1049
763
2502
1384
1084
2002
1489
1385
2571
2723
2488
1009
694
2936
2325
1522
1916
1751
2200
1848
3209
1102
1688
2796
2818
3208
1081
952867
2400
1245
1167
1408
636
1639
2579
2843
2274
964
2915
1714
2037
3849
1694
2167
1067
2817
1540
4452
1940
5004
1278
3350
3694
3096
1003
2034
2042
655
2161
1803
854
1152
1012
2129
3195
1152
3395
3717
3916
2096
1575
1308
916
825
2313
2290
1151
1642
1587
1920
3384
1071
1468
3367
1742
3390
2199
2117
1817
950491
1020
1374
1648
2164
206
1312
3389
1401
1167
2407
1828
2190
2760
3520
1002
2799
2280
1882
4138
1676
2928
2164
950890
2316
1779
2564
882
1711
2250
2739
3458
2587
1199
1866
1611
2074
2444
1287
1521
2197
2564
1269
1825
1134
1989
1198
2492
2430
1318
3953
2016
2331
2092
2400
1636
2123
680
2309
2042
1432
1047
2447
2063
1485
1334
4238
3384
3233
1797
1762
1926
1856
1190
3134
1990
1860
1427
974
638
3201
2009
1149
758
1096
783
990
927
1918
1948
1883
1496
5013
643
1478
1527
2092
951274
1279
2890
2251
4304
951969
5062
2605
1959
2661
1715
2887
589
1421
3367
2147
1410
3830
1887
1515
638
940
2150
1527
1421
2481
4629
2207
2676
2940
2284
954150
2373
3415
5266
2087
3046
2517
2733
1644
2187
1662
2082
2130
2704
953124
675
3959
1536
1541
2178
2633
4204
3970
55
1290
2867
2602
2579
643
1872
2384
1063
951991
3268
1202
1772
1509
858
3410
2256
1157
1616
2103
1970
1952
2238
2104
1347
3239
1412
1639
1640
3589
2567
928
1088
1168
2212
1441
2583
2422
1203
902
2325
192
1593
1363
2639
2464
1662
2380
1830
3126
3313
1591
2273
1511
1929
2447
2177
2583
2154
3632
1897
2902
2407
2123
1969
2104
2232
951476
1252
972
2092
2462
1954
1819
1340
3441
1023
3104
3305
1824
1560
2766
799
1335
3002
2280
3169
1325
1067
1837
2543
950727
935
2218
2426
1434
867
669
2383
2435
951036
2677
2974
1063
298
5384
468
2166
1762
2244
1635
2340
1874
1301
2250
2029
2221
496
4508
1285
4418
3661
1335
1067
2878
1445
1813
1579
3352
2229
476
3861
2150
1939
853
911
2087
851
792
495
2348
1198
1547
963
1020
1593
1826
1859
2268
1905
1226
1393
2231
608
1087
2975
834
1345
4571
1929
2800
2687
2590
1925
1809
4030
2131
1441
2019
1751
2763
2081
2789
1117
2709
2124
974
4215
900
2506
3383
1103
2502
2059
2040
2150
2234
840
4491
1495
658
953499
1104
1138
2102
1909
1296
2806
965
2529
879
2789
651
1717
982
1364
2093
848
4340
1690
1825
1607
2802
1945
2654
3101
1233
1445
1683
1629
1336
3584
2354
952044
2946
2524
3461
1407
2343
1039
1905
1139
2530
1534
951434
1529
1766
3352
406
2204
2895
1222
688
2134
1455
2148
1157
1507
3670
3136
2404
1519
3014
1755
1124
2269
1107
2274
1031
951796
1230
707
825
1858
3236
2289
4419
2344
555
2716
1731
1816
1018
2719
308
2474
1017
2605
1527
3969
3433
1116
1633
1793
2620
3834
1291
761
1781
2225
4092
1249
2279
593
1342
1295
3669
961
1016
5103
3451
2280
2638
2135
3220
1960
1740
1005
1588
1654
1447
2581
2135
1918
2785
2379
1225
1006
2770
5219
950678
1796
1707
2140
3006
1763
3020
1203
1411
1944
1708
1838
2902
2377
2526
2167
1888
2232
2421
1553
3155
2879
1955
856
1633
1841
2028
2270
2593
1765
722
984
1489
2025
2265
2483
2975
1861
1399
1745
1419
5341
1983
2702
2048
1283
3145
1839
4125
1208
685
1003
3451
2029
1976
1692
2255
1257
2238
2314
1900
3421
1840
785
2170
1757
2122
2607
1675
1154
1461
1823
2346
1496
1644
1376
801
3466
5257
2623
3484
1439
1979
1252
962
907
2248
2219
2398
1865
1701
3005
2860
1346
2096
1322
2669
1492
862
942
606
2318
1804
4565
1739
2402
1100
1893
2838
1558
953185
1949
951688
1621
817
731
2841
880
1099
750
2231
1504
2018
1721
867
874
1459
3132
711
3683
1276
1894
994
1609
2167
1431
1857
3192
2511
2168
3967
1626
2874
2061
2351
983
1689
1505
2201
2509
2527
1022
1252
389
1196
2970
3103
2668
1622
1181
2167
575
1900
2821
1892
4217
752
2646
986
753
1148
1771
3615
3100
3779
2327
1561
2433
2293
2681
1768
5755
2126
2484
4538
833
1080
1771
1294
1567
821
853
1730
4474
1884
2616
1874
1539
1932
4760
1141
3573
712
3030
588
2106
2554
3684
1215
3146
3636
3076
2786
4027
1777
1110
4773
2180
1534
2837
2663
2616
2821
1141
2486
2632
2848
2580
2684
2272
1164
2764
4235
946
2353
2330
3221
950496
1858
475
1149
1477
719
2530
448
977
2776
979
1095
922
816
1084
1833
574
1977
314
1645
2260
1360
2226
2791
927
3453
2036
1240
2720
3329
1584
1070
1418
2524
2073
3912
2575
1700
885
2744
1647
2195
2370
1472
2297
2447
1427
1798
1444
640
1801
1835
2105
1185
2337
1951
3064
4058
2083
667
1890
952922
1548
1572
1817
2363
1811
244
768
2244
2541
419
439
2925
2207
1604
2307
1289
3604
2499
4228
1106
3198
3360
2492
2219
3563
2572
1034
2492
4069
904
941
994
989
1595
961
1807
1245
3218
2473
1498
1352
2037
2653
1993
1737
951878
1391
1420
370
2520
3371
3460
954914
1357
2030
2413
727
1274
1701
3958
1042
5472
3692
1141
3464
3927
1399
1196
397
2006
1170
1219
3514
2303
1892
953
958
4507
665
1933
4258
2869
3486
2619
2148
2501
4634
1591
1908
2465
1592
2973
3836
1317
2066
1354
3342
1917
2206
625
2674
2554
952042
2025
2320
1432
2617
1871
1037
2926
2187
3331
3100
1224
1337
950513
3157
2336
2284
2280
1981
3920
1247
667
2778
1171
1386
2443
840
2531
2007
3831
2186
2365
2998
1883
1304
2021
1057
2263
1443
1716
2070
3411
3726
1983
951917
3755
2585
2079
2341
1620
2681
1589
2979
3399
2542
820
1436
1162
3514
1240
708
1301
4311
1857
1959
1806
1711
955
3112
1644
1604
2086
5425
2578
3144
894
2113
1422
1530
3067
958
1805
2731
1492
3423
1978
1327
2777
1699
1729
2280
1193
2408
2534
738
1128
1744
2245
2017
860
1631
2806
2931
3143
1953
1984
2718
1146
1935
4392
1287
1293
2626
1822
1146
950961
2956
3565
1793
1260
2917
667
4614
1773
1126
1166
1048
1190
1519
1149
3850
4315
1462
1760
2032
2862
1651
3647
1220
951890
1332
2770
357
2603
2684
2191
2274
1268
2083
1002
2278
1868
2681
2225
1799
4200
951820
2452
2279
2400
956534
2129
2865
1632
1238
2406
1512
1664
2324
1691
2396
1795
1740
855
2505
755
2838
1357
589
1557
1817
770
1710
932
856
422
846
2798
1843
950614
1386
855
2392
1495
2311
1186
3861
1994
2363
1028
952480
1902
2105
2982
3431
3622
600
3135
708
1259
1307
2171
4363
1993
1527
2003
3631
1473
1335
4828
2421
870
1428
1219
2148
1798
956
2848
3583
1974
1552
2127
515
1765
1901
2244
1679
1038
2521
1400
3065
2364
1333
4789
2434
2001
2049
3266
3130
1683
511
1469
913
1149
510
2166
2585
2462
2058
905
4782
1406
2197
1655
3039
2376
3109
4640
1608
1845
2149
1771
619
2706
891
2264
1166
2891
1596
1216
3379
1159
3094
1947
1366
1638
1745
2749
2638
1436
2380
2305
137
2356
1831
2058
1120
2349
1366
2202
2393
3260
2002
2573
1289
2410
2552
1764
1648
2137
2218
690
2849
1688
686
3260
1943
1940
2985
2168
1267
1745
4827
3559
4374
1983
2464
1127
280
822
3224
2324
1609
1968
2400
1781
1524
3715
2383
1095
277
1967
2224
2393
574
832
1286
2601
2110
206
2943
4193
1995
1531
2862
3263
368
952846
2075
950727
2499
3294
1456
1610
1967
953886
1348
4254
1622
2412
5990
2648
1641
952049
1625
658
1421
1452
1403
1423
933
1880
2851
1581
1322
1388
3383
1195
2303
1727
3226
1946
1907
1750
1541
1916
644
1951
2363
1519
2918
861
5172
1635
1494
2678
1473
1217
1802
4036
2044
1624
2355
1050
3455
1034
1669
1108
4408
912
2683
1589
1258
960
1645
2210
2682
2645
1335
1812
2079
1926
952098
907
1877
2285
1129
1447
1393
2454
3012
2084
3359
2200
1117
1994
2625
1016
2361
2039
1212
4252
2470
3692
2164
952773
1498
1287
827
1853
2169
2421
2769
1212
2149
1270
2787
1635
1304
1126
3629
2510
942
936
2563
699
1362
3056
1767
1458
1219
1394
2761
1701
2663
2013
2623
1492
1586
643
388
2073
3493
2983
498
914
3000
2071
1925
252
4064
3279
1375
1204
2135
2169
2761
2080
1142
4224
1185
1645
1311
2780
1984
3337
1760
1397
1969
4034
2058
1641
2521
1318
2421
492
2604
672
1426
634
1036
2212
3569
1379
951974
1266
1954
1749
2034
971
2786
1841
2516
1367
3417
670
2255
142
1947
1145
1914
2928
960
2194
1843
1682
2027
1322
2705
2416
4535
1500
2341
1841
2245
1162
2361
2092
1455
4125
1536
1059
2528
1805
1783
2159
2259
2243
2112
1669
4491
3493
2182
3563
2991
1024
3860
2991
3742
1804
1476
975
2189
1455
3405
1951
3390
1947
2024
406
1549
904
753
1109
3000
2356
3052
2747
2744
843
729
1283
1837
2803
2622
2122
1290
4117
3072
2332
1208
2053
2865
2310
3701
2894
3774
2627
550
2503
3049
1395
3300
2356
1368
3196
2015
1517
2250
1296
1371
519
907
2581
2721
3360
2516
1442
1084
747
1038
1671
1388
1001
951506
1801
1502
1626
4323
3815
826
1569
1125
1398
5606
3605
2309
1368
2098
708
1493
4887
1644
2185
2051
298
1444
1280
1967
3207
1842
1071
1053
1942
3101
820
1400
2504
2471
3485
2099
2696
3709
1647
2037
5176
1248
1429
1090
1314
1335
1939
1186
1687
1313
1829
839
1969
1507
1376
1155
1022
1164
1174
2290
1481
1834
2177
1839
1767
1006
2467
2430
1247
2951
1536
2169
2870
2512
1722
2455
1923
1580
1381
858
846
3098
3058
3408
1002
1705
3936
3780
1184
1965
1996
1231
3177
1117
2696
950513
983
1581
1670
3831
2068
2801
997
1264
1853
2449
1755
1491
2378
4169
3099
1157
530
1163
3222
953605
1161
467
2161
1065
951955
2323
822
5438
1081
2089
2990
1412
2368
1446
903
2193
1691
557
1504
2113
1586
1222
1654
2730
2427
3458
1979
3209
1371
950
1423
790
1169
1998
1014
952958
1012
2936
2309
1200
1910
1675
1614
951356
950754
605
3443
1776
4669
3204
764
2922
2531
1221
2507
705
1742
1150
1745
1259
1501
2530
2527
2787
3199
1258
1890
2768
951607
2326
2049
2615
1259
3378
1661
1216
1240
1191
3058
1718
974
785
1844
2157
1900
860
2022
2350
2445
2471
631
1737
3116
2153
466
2759
4099
2384
2079
3698
1120
951429
907
2265
3915
1384
2366
3219
5912
2917
2541
3141
822
4579
748
2652
886
2702
4006
978
3040
3865
1764
3362
637
1985
2181
2432
2002
2535
2552
1102
1050
891
959
3357
641
2161
928
2402
774
2317
852
2985
1816
2295
1445
1632
2437
4676
1544
1986
2174
3557
3415
2103
2435
1895
237
1413
647
1977
4948
2766
1865
1570
1353
2828
1419
1028
3967
3392
3006
2356
1764
1876
1737
3485
3757
1476
2257
1647
904
4189
1896
1239
1717
1424
952123
2322
2057
1654
991
911
723
822
1553
2391
1741
1773
1213
2649
2130
1469
5153
2294
2631
832
1492
2433
1866
1139
2571
2416
3234
582
1723
2794
1648
5496
2506
1626
962
5790
2345
1125
998
2954
2153
1258
2043
1630
2848
2035
531
2125
2345
1995
1727
2458
1141
1768
1897
1932
2461
1097
940
1128
1622
2908
3126
1956
2834
1375
1364
1868
522
1218
763
1781
971
1005
874
2403
3126
1740
1405
4238
1350
2512
2972
2371
951366
2192
2390
2186
1784
2866
2005
2594
1937
1207
2171
1246
2455
954167
1541
3208
2102
2573
3037
2005
1351
721
1537
1466
3642
1397
953205
1104
2090
675
2164
2917
1788
1584
2213
1315
1353
1246
1425
1634
1621
1082
2900
2088
2287
2190
1937
2460
1483
5095
857
2107
1257
5665
3339
3291
2503
951985
1583
2033
786
460
1300
1962
3205
3573
2286
3022
1619
2837
1206
2809
1095
1394
2549
1548
1848
2142
2366
1820
2441
2339
2114
1849
2836
1518
2534
3283
1769
2134
2421
1283
576
1151
2921
3872
5116
1930
2869
2622
2881
1296
3929
607
2450
2699
1529
3204
947
1643
2289
1512
2318
2197
2069
1723
1066
1801
2171
1791
2011
1950
1184
1551
3848
1874
1622
955
2458
954
3673
2897
1338
1044
1480
1863
888
3222
1316
1489
2065
1559
1261
1804
1571
1601
1740
1975
1368
4203
766
325
664
1866
1907
2498
1202
2207
1818
741
1579
2660
584
2795
1764
3020
5066
1437
1785
2137
4822
2395
2600
5693
1903
3865
1535
2228
2487
1308
1014
1638
6077
1811
1419
1797
2131
1815
1479
1338
1366
1446
277
1425
1474
2235
2879
1760
951661
2209
2247
2089
1246
1961
1544
3417
2918
1846
3577
1905
1458
1925
1323
3368
916
1020
1070
1761
1105
1020
529
1009
2301
3474
2090
1431
1630
1902
971
4462
1016
6714
2538
1636
2498
1728
2113
2043
1360
4851
305
1682
3228
2699
1456
1788
960
4393
3249
1157
1560
2245
2463
953607
1009
1151
1831
1451
2027
1201
3352
1568
2080
888
1541
451
1968
4052
2099
2922
3269
2329
1514
1066
2974
1742
1985
5237
2978
880
2527
498
1728
4678
3743
1597
1183
1479
875
1492
2055
5036
2365
1247
1239
1773
963
106
1976
2634
1710
4359
950
3115
4547
2838
2811
3585
5342
1338
3008
995
1480
3802
2450
1684
2395
951235
1721
466
1244
2089
1414
1668
2137
1484
2235
1586
986
1160
1473
1563
2636
1825
4949
1880
1990
1697
4395
1373
1173
1382
1428
3563
3764
3610
2457
1145
2559
1542
950496
2893
2232
2856
3792
1371
1427
3892
2916
2290
1875
1217
1358
1762
3543
3397
872
1715
1965
1207
4755
516
1251
1965
3311
745
2623
1197
2075
1339
1937
4098
3551
4484
1190
3242
2116
1131
1670
2568
951946
466
2976
2037
2425
334
2684
1376
2188
2292
4980
2226
3786
2041
2900
6325
725
951793
4925
2834
773
1810
706
2376
829
2794
911
2596
1846
1490
561
2681
1736
3023
1991
1334
1993
1591
3800
2751
1653
1325
1921
1486
1570
1531
1539
2450
2115
3556
1684
1802
2810
913
2335
3125
2117
2110
1377
2495
1143
951835
1327
1282
951787
2249
2058
2178
2469
2149
2003
603
2092
2794
2503
563
1935
1230
2142
1232
2876
1112
2058
4051
1971
2467
712
2198
2804
2523
805
2027
1201
2399
2017
1260
2225
1229
3072
1057
622
1082
2504
2140
3309
3174
1389
4141
2522
3188
2147
2470
1701
2243
2903
3020
2256
2262
2992
1504
1812
1034
635
951848
1527
1574
3537
1238
2022
3684
3537
2982
1588
2870
865
1703
1652
954513
2273
684
574
3060
1415
891
1610
923
1498
1086
2527
2434
3541
1288
2530
1888
3033
1519
1408
1286
376
3349
1497
2140
3817
3032
1078
1302
1488
1689
898
1482
2623
808
1750
1244
1094
2262
1069
3053
1909
2020
4310
1114
2776
2499
1302
617
330
2516
1287
1173
3258
1874
2255
2905
2774
1729
3755
4348
1006
599
1814
1397
3039
2253
1702
1651
2232
3100
1432
1349
1212
1178
1541
1702
2129
2333
3515
1850
1034
1553
1713
2108
1719
1211
951996
3776
2332
2966
2762
684
1025
1505
2511
3697
1999
2582
1219
1617
2342
3829
1199
2257
2117
1455
1324
1760
1577
1720
1380
951169
1985
3307
1499
1183
3934
1040
1998
1480
1770
1589
2432
1118
2995
1110
1132
2554
2426
2498
2624
1605
3965
952
873
1442
920
2678
1874
1020
2449
1619
1896
1883
1566
3243
2782
1372
1587
1024
2328
1670
950620
1580
1899
2919
1009
1655
2963
1141
1485
2923
4846
2217
947
1663
4079
1108
3669
286
2684
1577
1425
1398
1625
1235
1335
2483
580
2564
3004
3191
2216
1657
684
1166
1775
2379
3571
2805
2361
1081
4177
1696
1466
1902
1522
1855
505
1749
951231
1609
2152
1479
3126
2417
1902
954177
2650
4542
2419
1132
3947
1587
1623
1624
2114
902
2297
2828
3772
843
3766
2638
2759
1734
2121
2451
2211
1352
789
1788
1024
1251
2058
1782
2169
1379
953900
2177
1596
1805
2520
2177
1550
1222
1907
1747
951650
949
2591
1044
911
2849
1761
2147
2012
1231
2049
2329
1052
2720
2064
1850
4604
3109
4247
4256
3002
1414
1730
1729
1824
5035
5110
1267
1033
1826
2589
1302
1980
3100
2112
4166
2275
174
1362
2559
1931
2139
3127
2003
1204
543
1700
2677
1893
1526
3300
3478
841
2211
862
1952
951983
1701
661
1352
2553
2142
885
1473
4800
911
2442
1716
2514
2926
830
4215
1079
3008
2816
1389
2118
785
1071
458
2073
1740
2322
1623
1409
933
719
553
3811
1522
1824
1110
2341
2256
1117
1841
750
2010
2061
2234
3479
1981
2047
2733
1668
2140
1593
952298
1660
2182
990
949
1476
1460
2285
1571
1496
2650
406
2383
546
3872
1196
922
1733
3254
1641
2081
1842
2391
1000
1462
2185
975
2387
3019
2805
2406
1324
1344
1260
2105
1841
1849
676
4019
1719
3088
1822
1723
1926
3647
2195
1578
1515
1837
956
1927
1336
4159
134
1322
2018
2004
3913
2098
2004
3676
971
2023
1478
2107
3807
1358
1352
2172
5845
1726
2031
1457
3105
2355
898
1680
1363
5038
1715
1417
727
1170
588
1302
2498
1613
1328
2302
3160
1944
1565
2067
3604
1450
3299
1659
2905
1681
1819
2233
1891
2911
951915
961
2807
1883
3135
3736
3269
2355
1178
2021
1448
1781
3189
2176
2056
950905
4738
3346
3131
1176
1430
961
1909
919
2416
1370
1490
2774
3618
1621
2086
2488
1954
174
1134
1570
2271
3868
733
1087
1703
5172
1169
2535
864
2765
2159
278
951845
1282
2702
2031
1062
836
937
707
1558
3772
3409
1228
4374
1315
1092
2177
1988
1712
1686
788
3843
3705
976
1578
1374
1084
2401
1628
956
2237
4072
1183
2958
2593
939
766
2135
794
2773
1952
2561
2357
1504
1684
1500
3223
1308
2513
3050
1746
952026
2468
1210
1783
2937
2261
1444
1619
496
2600
2624
769
2187
2153
1363
2603
2159
1915
3223
2129
2502
1077
951900
1810
2094
1848
952104
1601
2036
1677
1223
2292
2502
2378
4150
1217
1708
1408
2027
645
3267
1189
5229
1975
2483
2108
2345
902
1191
2342
3258
842
2234
2007
1793
2023
2255
1813
2061
951645
1721
3398
1437
3374
3557
1689
1632
1000
2042
1693
2493
2515
1150
1285
2551
3139
1799
221
3232
2327
2588
2583
2517
951476
718
1899
2700
995
2373
3746
4095
732
3220
825
2720
3478
951714
4379
2525
1057
897
1683
2468
1525
2205
1004
1515
3047
1909
3918
2282
1699
3832
3557
2534
2605
2331
1869
1503
1694
1025
1729
2345
2168
1673
3193
2198
3286
1725
2889
447
1179
1176
2727
508
1053
1540
1450
1197
1916
2373
3789
2296
1044
1088
714
949
832
952182
1537
519
883
1844
2456
1255
2998
1730
3921
1624
2498
1373
2527
4099
3808
1814
2114
1700
1661
2371
625
1424
970
4379
1678
890
1983
252
2286
951483
953321
1710
2892
1977
2238
2274
1579
2512
1911
3981
1411
2598
1047
3812
1487
3892
1041
2885
1446
2039
2251
2210
3080
3389
1420
1659
1744
2036
2729
724
2031
2467
2167
998
1053
914
2431
2974
1737
1095
1735
3372
2009
2546
951122
2373
2719
1672
1877
2469
4140
951486
2917
221
1539
447
851
1292
2538
1659
1324
1869
1804
617
1386
1034
3269
2325
3112
1811
2242
2095
1076
1954
858
1609
3078
1998
2010
1844
1851
1996
1402
498
2757
229
2062
2380
2370
2024
2323
953975
2731
369
683
2130
2471
842
964
2499
1875
1272
4347
2322
1011
2554
1845
1231
1947
1721
2026
1887
2472
2559
1464
2950
1060
1412
1227
3868
1135
134
3159
1003
710
6163
1729
1610
1619
1497
2027
999
4481
1857
2345
2751
3228
1433
584
2568
2697
1763
2261
3502
890
2485
1764
3086
1918
973
2804
2431
1617
2799
1803
1157
871
1382
3091
2057
1920
1540
574
1615
637
2390
889
2487
2667
2052
2237
2773
2329
1605
626
2186
2665
2115
1208
1780
4339
1771
1375
1515
2365
3195
3933
1749
3447
1254
2764
4182
1621
2725
2339
954142
302
2104
2124
1379
2990
1707
969
2308
1079
2032
2027
775
1920
1201
4657
1974
2355
1818
2714
2182
3352
3363
2396
1460
2886
5329
2963
3456
1628
3688
827
2801
2818
1952
1312
253
3173
1465
780
614
1835
3347
2588
1769
1451
2826
2436
2800
1353
2853
5017
1726
1211
1938
1245
1086
907
2196
1399
1090
1124
1415
1109
567
1465
1592
954532
1276
1381
1219
832
2212
3416
2273
2385
2026
2198
2222
1443
4507
1549
2583
2030
2552
2607
1208
2056
2695
3745
498
2574
2528
914
1696
3002
2111
2546
2131
2731
2395
1701
3898
2241
4575
1768
1318
2548
2572
548
1688
744
1093
995
2308
2624
1363
2701
1485
3469
2405
195
3694
1584
1585
3405
3753
3135
2743
2348
1928
1984
2888
3079
3436
2410
868
4244
2915
4733
2401
2349
1734
1768
1150
1887
1569
3098
1045
2604
2199
1968
3295
1445
1486
2419
2017
1544
2353
2409
2130
2858
2843
736
4645
3624
1104
4788
1752
1543
2624
986
1607
2780
1113
1240
2066
3094
1036
1395
2058
4077
951534
998
4717
3352
1848
1782
1790
2558
4249
1216
2561
3360
1692
1388
1999
841
1864
1968
529
1747
2028
4883
2137
1864
3263
2473
1990
3548
1075
2458
2285
1954
4271
2923
1407
724
2532
792
1645
2063
2317
2518
2550
962
1335
1705
2262
884
2332
2397
2921
1124
760
2355
4930
2125
6790
2254
850
845
873
3383
3178
1144
1169
4082
658
965
2950
2280
2359
2020
971
1263
2018
3150
1660
1559
1313
2877
2248
2183
1225
4133
964
1516
2770
1469
3844
408
2236
2728
825
1203
3378
1677
2975
4773
3019
2341
913
951593
4229
3174
1281
1088
1235
1596
817
1584
1546
3062
828
1351
1797
2352
2634
2902
3489
1336
1031
781
2001
1960
3814
1962
953020
1995
1387
601
2182
1380
4327
2978
2679
2232
5452
2841
756
3054
3157
2839
2923
1780
1723
1319
419
2015
1744
2253
1843
2938
824
3318
1765
3060
1621
2085
2480
2179
1308
925
829
3637
2673
1264
2504
5149
609
1459
1834
2126
3669
1380
4574
2587
1549
3139
1581
2113
1242
1706
1736
2718
2535
1373
979
743
2759
2017
4674
944
3749
1655
2057
3064
170
1268
1352
1523
3283
2796
3941
1291
2712
2595
2530
2992
1579
952505
1786
1208
1978
1559
992
1600
2276
221
1121
2251
3078
2289
1241
1892
3629
1416
3428
1819
940
2905
1619
450
2229
1507
1511
2309
1561
2953
2926
130
2181
1089
435
3584
2232
5300
2146
4113
1792
1648
1772
5156
1423
4198
1915
1803
999
1475
1235
2983
3605
3319
2093
1605
2136
2360
1525
1875
1895
1937
1748
2329
1628
824
1208
1989
3333
2771
1419
653
1542
2064
3158
1762
1149
1183
951680
1029
1762
1574
2410
2973
2273
1544
2436
1846
1185
2077
1886
2285
2035
1426
393
2852
1388
3777
4860
2185
2875
2313
1434
2052
2602
1613
2222
4614
581
2794
2077
2777
1802
1682
1238
2423
1505
1122
2295
2411
1387
1602
492
2305
2276
773
4297
714
1539
4699
1698
1987
1198
1552
2669
951236
883
2901
1209
1643
483
2362
1774
2652
2860
3903
2498
1251
2642
2028
3682
1036
3014
1467
2697
918
3630
3171
1433
694
2551
2265
1515
1773
2723
3023
839
1189
788
1990
1187
690
850
2539
2408
2523
951465
1616
3770
878
1403
1856
3150
2040
950797
2199
1684
1032
2326
4090
1138
2035
2592
2173
1137
721
983
2480
1113
2243
1995
953098
3213
2270
3396
4530
1606
1208
2120
667
1399
1500
4726
1871
498
1226
441
951860
2534
120
2034
2800
1354
1620
2599
2342
2466
1839
2882
953798
2815
1076
2149
1765
3607
549
1261
889
2442
2041
2426
1226
2641
2624
2377
3736
1764
3050
2425
3326
2161
2247
1657
1502
1480
3296
1306
1801
1206
858
1124
2686
1943
3413
1685
1786
3478
1239
3237
1846
2746
2634
1934
2048
2325
3594
1698
953986
828
1340
2921
2330
2894
2283
2156
667
554
667
1866
2163
2087
2107
1112
2206
2173
2240
2141
610
2052
764
1514
3748
4800
1335
2215
2549
2584
922
1569
1705
2170
2094
3173
2986
2100
1185
1531
2638
953140
941
3272
1295
1207
1561
1519
1931
995
1930
952170
3286
1478
3767
1434
4141
4664
1528
3872
2259
3062
3545
3288
2327
2049
1191
3131
882
2568
3693
1702
2932
2410
634
952819
2692
2276
4821
2050
1311
2101
2969
2988
973
1668
3650
4134
1373
1858
1921
1901
2603
929
2357
1724
3601
1648
3289
3039
5364
1836
1181
1405
842
1566
2008
1979
2650
2595
1464
1142
2990
1827
3652
1408
2488
2508
2546
2614
989
1814
1775
466
3078
1384
1400
832
2116
951391
2929
1453
667
1089
1471
4330
941
2163
574
1486
1091
1146
3160
1072
3735
2079
1148
2663
2357
1714
2403
2588
1037
1320
1987
4419
1273
1175
3484
821
2949
981
2635
953345
2483
2770
1757
1685
2026
3280
2545
1669
3003
1400
2812
3068
1837
3682
1098
1416
959
1972
846
2198
3957
1722
1633
2920
2194
2177
1461
625
2719
2051
1350
2091
2085
1859
4296
4161
2526
3487
4025
1885
823
2121
2425
2317
1343
2018
2230
3023
1793
2486
1066
1988
2538
3386
5082
3587
2147
2808
1300
2329
2112
1586
2941
4288
1082
2259
2155
1387
2106
2255
3374
2080
3637
3521
1835
142
1242
1402
1356
1981
1055
2786
2426
1426
1851
1540
4441
1436
347
1841
1914
775
3574
2307
2313
2034
4002
3383
1565
2734
954756
4129
2145
1586
1695
498
2546
1471
1511
1140
2031
950
3853
1591
1683
3153
1760
4666
1602
1366
1923
2939
2441
3100
2659
65
1543
2057
957
1710
1351
3400
1471
2625
5862
1801
2363
2112
1780
2996
950951
2001
3351
2921
1855
1514
2791
3556
1915
2152
2746
1351
4242
3583
1785
950471
2126
2198
1282
1283
2519
1924
1863
757
305
2305
1895
2832
3489
2198
2314
1919
1741
767
1432
2342
2035
2394
1891
4051
898
2112
3126
3604
3247
2364
547
2111
3228
2185
1646
563
3805
3563
1673
684
1708
1018
3210
1193
3009
2307
2568
1996
2716
1321
3229
1338
1506
1158
1993
962
3040
2981
2482
1316
1029
1770
524
2958
1977
1168
1658
405
1259
2531
1703
1862
2018
2613
4612
950513
2920
1481
495
2076
1153
1676
3374
2847
791
2076
2543
2038
2439
3490
3686
1529
939
1332
2018
975
2059
2741
3382
1777
1454
2359
1960
3736
199
1295
1826
1228
2507
2585
956126
174
662
1404
3900
2642
2456
1927
1632
1950
2139
1028
2581
1177
552
1587
3387
1280
779
839
1365
2093
1148
2583
3232
2607
1322
1938
839
1001
4024
1393
1323
686
5449
656
2264
1086
1478
2863
836
2209
3505
1208
3379
948
522
1502
1821
2537
1484
1075
942
2082
1181
2313
2648
1007
1434
2358
4920
1670
877
935
950605
1884
2262
2832
1599
1824
2877
2874
3535
1131
640
954272
2067
1815
1335
1540
2054
1437
1940
951008
2558
1700
2671
3117
1711
1970
3954
2681
1310
2177
1278
2769
2097
2101
978
1305
1328
3103
2300
885
1490
1353
2476
967
2219
2095
1616
2094
1154
2678
5774
1662
2587
1280
3344
1557
1604
1252
2037
2093
2180
1774
1205
1547
1978
1406
1335
2687
2815
4058
483
1770
2271
2359
2113
1721
1575
3078
2065
666
1647
1253
1679
1104
1748
596
950
3809
2662
3701
4498
1662
4146
1119
2752
1093
2757
1449
2805
2053
4153
4452
2860
2196
3506
2132
2044
667
849
2065
1814
1370
2098
1952
3021
1555
1189
2239
301
1229
667
2217
1671
1623
2840
301
775
1921
1095
1635
2467
1941
1586
950638
2005
1849
1116
2379
1643
3247
1059
1430
2158
1960
496
801
1477
951902
1542
1662
1593
952248
1792
1208
1362
1003
953329
2672
1076
2055
1644
2478
2583
3366
2165
2122
1088
951551
1004
1457
1949
2389
1855
2547
3863
1193
4109
2720
951743
2992
3068
2935
2315
1297
2475
951223
3387
2949
2118
2448
4311
2366
951141
791
1338
4275
3535
2117
2705
2003
743
3291
2297
4370
4336
2147
1394
1866
1129
599
1016
1533
1416
466
3402
3197
1884
2700
1271
1522
3743
1185
2085
951835
2165
2717
711
2400
1175
1472
1744
1002
5417
1671
1537
1897
1939
2469
3477
4054
1301
906
1891
5097
1023
3701
3355
1795
1661
1843
3139
1747
524
1259
2912
2377
4193
1375
1135
1140
1296
1499
1902
1780
1228
253
1823
952460
1287
951386
1268
2843
898
2044
1415
1874
569
5195
4213
1595
2034
1828
4196
2384
2765
2101
3691
1176
1533
2399
3264
1548
1958
2106
4320
1435
3381
2694
1883
1868
1376
2053
720
946
418
3314
3018
319
2299
2519
1392
1401
885
650
1955
2012
2979
1503
5097
1723
2090
1845
3328
3708
1804
4001
1367
1710
2832
1417
1693
951028
993
1070
1175
4038
2024
252
3050
3392
2120
1453
1254
953392
1437
2170
1654
1326
2718
3004
2806
712
4593
1525
2298
2944
1396
1981
2523
1282
951272
1607
2100
1416
325
2241
1775
2139
2157
1216
2574
3505
2182
3031
1093
2563
1778
1638
1727
2592
2123
2090
2632
1298
3655
1334
1541
1403
1877
2524
994
2152
1332
1166
2033
3750
1848
2815
3028
2320
2010
2328
1496
517
2000
1887
1948
2296
1593
789
2552
1384
1209
3343
2962
65
2418
2890
4262
1840
3969
2162
433
4378
2707
1176
2318
1188
1337
1166
1769
1426
1500
1697
3203
2773
2699
3651
2520
2252
2415
1391
2858
876
3068
1456
1601
3123
1681
1604
2030
1162
2706
759
964
1390
1019
1878
1839
1309
2333
940
1669
3421
1574
2657
4358
1521
2422
1250
2662
3721
1669
971
2662
981
431
3218
235
1635
1594
953237
4278
1474
1246
1735
1403
2192
1687
1559
1160
2402
1238
1232
1417
1573
1757
2198
2005
1016
2038
3885
3611
1843
951963
2224
1471
3474
1125
2128
4997
3016
2407
2244
1240
1009
2606
1374
6408
3439
1343
2786
643
2151
3366
1383
3662
2127
1112
1150
2549
1543
2192
2368
2969
1849
1929
2097
4233
2403
2995
2196
951254
2366
3127
2104
955
1786
1855
2221
1060
2837
1338
1037
4092
3259
2641
1674
1850
1264
2509
2130
2233
601
3790
2015
1160
1254
1098
2481
4640
3310
1834
1319
1176
953166
1586
127
1160
1044
343
1055
1146
1511
1678
952903
3554
2046
3987
2216
569
1263
2145
260
2723
3411
1253
4077
1458
2928
1202
2340
1281
4167
4780
950784
3696
951513
695
3405
2431
3043
2762
954143
3107
1274
4449
3136
951479
2585
2264
1301
2340
1151
2822
1398
1547
2297
2244
3153
1934
1918
1905
1931
1176
3811
1779
2017
1874
1774
876
2529
1412
2067
1479
2897
2370
2054
1112
2531
1464
2778
2674
2108
950763
280
4588
3090
1748
2132
2415
1308
1164
2158
2822
3236
2972
2621
789
2180
5524
3033
687
3972
1170
954298
895
1175
2236
1725
2364
1828
3397
2722
2739
2483
1823
2319
2185
835
2043
1971
1038
3322
1232
503
3284
2485
1369
2112
1443
1300
1438
3649
3653
1802
2229
3116
1054
1526
2076
1979
3470
1858
1346
7293
865
498
2178
1673
3674
3451
951419
1217
2173
877
1530
2992
952849
569
273
3335
4378
3064
2639
714
2296
2634
1563
1130
2178
2396
2727
776
1430
770
1091
1560
1899
1320
2564
2656
2475
1910
1142
2307
951083
1592
3293
2402
1502
1850
2538
3129
3099
778
3688
2151
2508
1901
2117
2371
2128
2643
1450
3396
2726
1398
297
1582
2476
2672
1680
1948
1225
2649
1230
3379
3718
902
2053
3106
527
2028
1069
1310
2079
1520
2953
2950
2717
950874
605
2537
2223
1538
2221
3751
1451
1837
1051
1372
1201
2143
2090
3943
4394
524
2048
894
1468
1007
2657
1652
470
3767
2990
950
870
2426
2350
1126
2019
2930
2939
1789
2458
2039
2447
4943
1960
1533
1596
2089
1299
2213
2074
882
2310
2966
1958
2282
2335
1333
3243
2146
787
1728
1084
1084
1978
2219
1519
2285
2054
4867
2295
2082
1109
2169
3420
2507
5168
2192
1945
826
4262
952
942
2635
1033
2362
1119
1573
1846
2497
1627
2310
3313
2091
1876
1556
2251
2571
1365
1874
1580
1449
1368
1195
1147
793
2094
1144
2109
2855
1067
1280
1615
1029
1205
3192
3050
769
2445
1847
2340
1382
3382
2531
1681
4830
1323
1538
2134
953401
2178
2096
2159
4207
2884
1824
1467
1315
1742
4852
3967
2515
1213
2427
2014
1556
1703
1955
1634
2196
2002
638
2285
951261
2642
1559
3682
1492
1798
998
1797
3686
2458
1559
2438
3217
3592
3601
3901
2307
2474
2410
2897
2150
3486
1467
2922
1320
2129
2784
926
1259
2211
2051
1293
799
624
803
1042
1925
3918
2079
1843
466
1786
2251
3376
2647
1860
1423
2389
2463
1318
1298
1699
835
2226
2300
1967
3767
2222
2386
2061
1917
2863
951078
1595
2639
1592
2141
1119
1672
916
2640
3321
1100
1891
1963
3619
2705
4339
1046
1264
4034
2382
5031
1044
165
2714
4093
779
1578
951953
2221
950753
721
966
2383
1132
2047
2044
2770
952022
3132
2662
1122
2549
1615
1509
4971
953165
2626
953448
1462
1958
405
5080
1788
2728
1701
1185
3242
2899
2207
1282
2534
2770
2729
1644
1796
3633
2609
1540
2915
3635
2150
2633
2310
1954
2434
1103
1650
2352
2774
1553
3110
3313
2590
1556
2480
2540
2150
1957
2262
2499
276
1996
3217
1108
4035
1759
2508
3104
1621
1610
2638
1813
2708
1828
3445
3000
460
1184
2413
2661
1694
2055
2274
1649
1857
1661
953030
1638
6844
3624
957
2213
952282
1986
1311
1331
1882
1650
2914
599
2312
2237
2174
1325
3943
2416
1767
3312
2328
2759
2035
1873
4936
3788
815
701
1497
4857
2099
3987
2099
2224
3331
2258
1005
2908
2642
3571
2582
3406
3919
1378
813
2777
2463
3938
2723
2255
2302
2366
1992
1309
2204
2131
3881
3393
4669
3059
2528
3125
1068
1375
1589
1070
953336
2216
1314
2205
1613
1243
5507
1094
837
1102
1524
2932
3715
586
2326
2893
1602
928
1481
2678
1546
3344
1971
3454
1597
2817
1637
997
4900
1425
1641
253
2403
1085
950919
3138
3195
952156
1352
2347
1172
2311
2170
2704
1192
2227
2859
1976
1506
1372
1580
3554
2438
735
953139
2868
3961
2647
1645
1213
2644
2128
1329
2694
1529
2114
3358
3384
2110
1778
1966
3365
3108
1604
995
1261
3853
3421
301
2357
4042
1194
3149
3103
4181
1584
1876
725
3813
1436
2683
1631
1725
769
1757
2527
1615
879
3434
3180
305
2287
1722
2039
2232
2196
1475
1968
2015
1909
1982
2573
2052
2516
2405
3089
1893
4474
1470
1090
742
2520
2184
953210
1151
811
5159
1777
653
1546
2414
1132
1802
880
3235
1589
1092
1434
439
6514
891
1552
960
2875
3008
1962
1846
1659
2481
1773
1293
577
1964
1078
1311
691
934
1757
1297
1674
2065
1493
2329
3707
3595
3764
974
2876
3970
2314
1319
2450
2391
3063
1761
1585
3254
3003
1836
2345
2593
1736
2601
2365
1995
1492
2188
1739
2467
1274
1481
466
3283
277
950601
460
2142
2040
1179
2339
1095
2836
1965
2255
5194
963
1244
1802
142
3401
1637
739
3994
915
2036
2450
1972
1877
1796
3612
3835
1544
1500
5813
964
1408
1649
1543
2290
2986
3171
2667
1713
2075
2073
1773
2308
2772
1919
1288
2224
795
3414
1284
689
1853
3168
1190
2533
1620
2140
2581
2578
2070
5221
3228
1669
1658
2516
2381
3508
317
4041
1884
1746
3125
2213
1605
984
2280
749
2879
2632
1596
1993
1473
1737
1424
2123
4315
2680
992
4077
1892
929
3976
711
4187
796
1735
2830
1185
952235
2718
1545
1955
1727
3193
2695
1954
2015
2012
2436
2077
2607
2696
498
2262
539
2779
1530
3042
744
1638
1922
3311
2238
1372
1772
1033
1023
2089
4305
2691
619
956104
1351
4319
1447
1964
3439
2150
906
1434
1971
2014
1148
1486
2880
2566
3120
2611
1260
1309
1179
1545
1460
951731
1845
1685
1069
1210
3069
3430
424
953777
951543
3353
4072
953683
1652
2259
1122
1908
1971
1541
1806
1736
821
2946
2634
5057
1481
3201
763
849
2257
894
2208
1410
1122
2369
1574
1531
1460
1802
3526
1667
440
2008
3018
2193
952301
1204
2059
951859
1053
2536
1169
1695
2992
2964
1517
2386
1314
2899
2579
1880
1707
2539
4727
1638
1765
5616
1062
4084
2605
2939
1556
2038
3373
1761
2135
2953
4121
2926
1713
443
4736
1680
3801
2689
3641
1838
618
1398
1179
2805
1956
1016
3375
2347
2968
3227
1627
2832
2922
3236
4749
3368
2133
2119
2441
3094
1973
1506
2801
2305
2799
1658
2356
2185
2080
1216
468
2165
2659
2627
1689
2423
2765
550
467
3030
2535
606
1104
2180
2109
1338
2190
2659
694
3301
951787
2789
1070
2558
1589
891
3271
2542
2511
1697
1068
3365
3085
2045
1341
2497
2774
4798
1202
2849
3921
2057
3093
2411
3794
5671
1588
2303
975
1302
1152
842
944
2336
2117
955090
1410
1226
2643
4135
2410
492
2104
2326
2610
2216
3132
3140
2390
2570
2819
3176
924
407
548
2387
1306
1511
1806
976
1841
2072
1913
639
1755
3651
1413
2044
2794
4967
852
1450
946
2400
1462
1254
778
1574
1235
2381
1645
3593
2706
2101
1454
2342
1040
1616
2873
2895
2123
347
2105
2099
3621
1648
4239
1790
1671
1912
1494
951115
1922
2378
3058
1791
2063
1499
1858
1691
3121
1582
1948
2468
2228
1149
950907
2246
1530
1161
782
1414
2486
1276
2105
1932
1289
1468
2714
1434
3538
3463
1410
1241
1193
1915
1857
952917
2467
1534
2321
1898
1141
3333
1864
2078
2286
1739
3872
657
1140
1480
2928
3521
1861
1111
2241
2659
615
1568
2052
4232
1186
2211
2476
1992
952193
884
1985
1534
1633
1613
2393
1850
2426
3438
1284
951011
2543
1082
1057
2391
3930
1880
3639
2342
1853
2129
2069
2409
1814
1371
2230
1301
3351
1667
1420
978
3388
2702
2046
2242
948
1738
2281
2366
950701
1666
2457
1000
3220
3598
2090
1578
1675
890
1542
1214
936
2220
2048
2806
944
1900
2038
142
2307
4324
2899
3350
5818
1578
615
1108
2465
951522
1718
1169
2693
2154
1374
1713
3222
3559
3031
2186
652
3463
2251
2906
3167
1558
1306
1335
1864
2539
935
1178
2919
1609
3033
1499
541
1827
4908
3692
1000
3296
2027
597
1855
1769
2875
1797
1664
2767
799
1531
2786
2521
1287
758
1518
2247
3447
1232
2140
820
2006
2567
1528
2137
3561
1680
952506
2980
1967
872
1851
2709
1876
952140
1646
950804
1540
2384
80
846
1989
3155
1731
741
1425
1831
1314
2230
6105
4167
1966
1053
2149
252
964
2925
1528
2260
3426
499
1610
2436
3106
3706
1613
3836
2164
2210
870
1416
1336
2104
1149
1036
650
2188
1517
1884
1058
1528
3548
515
1822
4109
2519
2147
2965
2066
2195
2219
2290
3149
3275
748
2038
951915
2675
1318
2444
1317
324
3791
1677
1821
2227
2232
1474
2132
1838
825
1488
3009
277
2123
1361
2321
2197
2431
1701
570
1761
2013
2446
1807
1992
2664
1982
2810
1534
1293
3820
1471
1347
2598
3986
2825
898
1937
1284
1649
3568
2965
795
1890
3070
180
1680
1074
2493
1720
952987
2648
1752
1445
1917
1230
1058
1852
2513
2271
1706
2731
2569
2121
4566
2706
2655
1444
1215
828
2163
2722
881
952038
1429
2861
2597
952277
1351
950252
2649
1854
3265
1987
2533
1228
427
3688
3476
2119
1428
3019
2316
1858
1651
1534
1612
2506
985
1226
1524
2391
1147
1403
3118
2059
2515
2434
2189
765
769
3077
2813
4562
759
1929
2213
1616
357
1560
2096
1254
2733
1520
1464
2477
1895
2283
