961833
8111
8753
956219
8144
7422
6610
10398
8941
8311
955893
959966
9926
4054
958695
9880
7171
7438
5438
10218
9044
10657
2335
6927
958165
13844
9126
955997
4181
7889
6211
7841
6524
8983
9526
10358
8306
9211
7292
7531
4702
956803
9462
7829
6379
8489
8901
7486
10282
13133
10094
8389
3459
9019
11119
13750
957528
7849
2479
6505
8808
5055
4391
11036
10419
7672
11319
10543
9958
10329
11804
6616
6426
9345
11844
6802
960497
7131
9800
10125
956726
6631
8356
8793
8873
8630
7523
8476
9805
8722
5056
5059
6722
8433
959286
959207
8196
10152
8936
2742
9693
960036
5309
11123
6176
11426
10041
8695
7740
9572
2880
10935
8248
4705
957194
8738
9464
5968
9173
8463
8685
7964
8419
9790
8687
10729
7674
9487
12629
11578
10977
12957
8658
8117
5227
6447
10553
8646
7075
958961
7202
6951
9921
9834
957151
6061
7292
957689
10759
12195
8818
5900
7725
953327
8388
11176
9112
13226
12482
8095
958560
8413
10537
7138
9556
9568
8112
960025
7784
2669
4952
5037
8589
11737
9906
9422
14095
8519
7399
6902
9999
8385
10786
10602
11236
7407
5226
9772
958046
8910
8706
10270
7558
7191
8419
9297
10374
9789
10627
8578
10250
7632
8051
5826
9282
960899
6367
4541
6504
956708
13564
9648
9187
9638
5791
10640
958843
8364
10980
8906
9295
9257
957371
8298
8352
10916
6024
1826
958421
8167
9975
10461
959495
9522
9247
9753
10464
958232
9431
10881
11441
6641
6323
8893
962525
8438
7566
956470
10028
959781
9444
957787
6340
9439
4110
961096
9965
6358
8272
3971
8994
7546
3198
7273
7495
3038
10181
6012
10743
10600
7348
6136
7397
7099
8298
10638
8508
4447
10163
11057
8018
9553
959193
9127
9976
8748
11260
6870
5228
10405
8579
7326
9293
6692
5624
12674
9061
955844
5710
9510
11036
7872
4984
7801
10948
7873
10073
11482
7661
10060
7103
7647
964727
7933
8317
6601
7833
9491
11880
11955
11301
9265
953441
7915
10765
11102
960143
6829
7467
6307
10074
11190
10863
9517
956571
7403
8876
9722
11993
7861
7196
10615
962489
10606
10082
10230
10220
9966
7080
6668
12073
7831
8664
5514
9634
3321
10109
10393
7757
8749
7438
6488
7801
7584
7899
960789
7558
10320
5972
7663
7017
961027
8031
7531
961280
7573
10228
5627
6740
7173
10035
8566
12572
9287
5292
6515
6739
9409
12977
8278
9542
9971
954303
7405
9742
8967
7446
11623
10082
957593
9711
7995
9029
9848
7876
7831
7067
10316
6966
5165
9303
8980
958812
6774
9424
11388
7694
10102
12450
8910
957622
8118
958784
962599
9113
8467
10314
10758
7012
10531
7340
6355
11344
8296
8178
7955
10206
7125
8815
8875
9101
10303
10017
8035
8708
7449
10398
8951
960956
9868
10873
10101
6180
8970
5183
9561
12682
6481
8100
10311
6992
8440
8212
13717
6117
11639
6727
6498
8666
7917
8154
6297
7085
9232
6232
9977
7135
961906
2883
10023
7818
9337
964943
9636
7270
8069
8581
9313
7395
7117
9980
8707
8005
6069
4324
6596
9267
7950
8726
8858
959853
5309
6956
8271
8778
8558
9125
9788
6761
8816
7248
957367
956268
7092
6626
11899
8615
8608
9378
9771
8737
956129
7827
11324
7285
5989
6429
14363
7962
7613
8984
7333
10500
9530
957808
10447
7080
7461
10422
957731
8332
5596
6837
12055
10715
10486
7861
963325
10518
9743
7493
8315
6984
13071
9935
9241
7712
6983
9843
10045
7375
4293
8755
7796
8374
7223
9638
10427
6632
7916
8230
9635
7083
6954
7416
6895
10971
9363
5600
10845
8899
9860
960172
6515
6058
10747
9483
6732
8263
7435
6373
958174
7741
953987
9500
963210
10171
7908
8551
14675
8804
8191
11938
7943
11343
7651
8983
6750
8549
11471
11650
11617
10548
8831
8907
6720
959946
8125
6994
5255
12570
4251
10280
7158
8059
8097
961813
8636
8591
7225
8811
9359
962394
7172
957756
9486
9523
11427
961695
12579
6578
11137
8194
13297
8288
10797
11405
6926
7751
9288
957280
9998
8450
7324
8303
11415
9679
11307
5290
11442
6872
10093
12115
6585
5537
6459
8142
8241
8596
10563
8986
7214
8106
9616
6006
9406
6240
7735
956823
961688
11971
9364
960420
9959
9889
960472
9818
12691
959151
9025
9314
10401
5226
8081
6674
3763
10893
8273
11245
7799
10803
8143
6863
8160
955693
9698
9129
9561
9184
9474
7573
8043
10373
7678
9272
9529
9978
4604
7258
7660
11600
9923
10521
6572
9431
4296
6031
9146
7218
5776
9092
9077
9471
7360
12414
10391
9017
7732
8572
5851
10405
957662
7719
9095
11999
13931
12075
10139
8659
10107
10042
8847
5874
13774
7612
12589
7604
9113
12032
10429
11097
8708
956967
15620
7493
10396
8238
8470
5450
7212
960386
7455
8573
959893
8482
12431
958554
8406
10267
10726
962681
4405
5308
12275
10073
955328
957819
8418
8550
10566
9200
9896
5085
7278
9295
9524
9262
8047
8054
8402
7317
7031
8783
9911
6286
7362
8417
8981
5397
9850
8204
11242
10875
7188
7766
9145
12516
6942
6792
8833
9471
8773
10860
5645
9927
9126
5890
9764
8898
8520
958398
10926
11001
12418
961222
8208
5350
5436
10749
954927
958265
960626
8605
9137
7352
6808
9292
6842
959120
7261
8362
5871
6177
5112
5639
8042
8642
4386
9045
9851
962297
8452
8725
10613
6238
12278
5866
3533
8103
9169
10197
9077
7415
960266
10361
8823
11900
6483
10010
8950
8441
8499
8701
7274
8269
9883
5634
8913
7014
7943
7782
11985
5770
3278
7900
9244
956986
9541
9895
958170
7194
961049
7404
6520
961303
6467
8695
9269
9140
9843
5560
7002
6213
12366
11726
8978
7268
7302
6546
11190
10241
7282
7222
5160
7931
7632
5498
8304
8882
8242
6825
957545
8119
11068
10950
5374
8789
7152
7741
11503
5826
11506
9954
9889
11160
11951
9269
10201
959468
7015
8025
9808
12048
10299
6493
11021
7813
7638
8951
10046
8284
9235
10427
10508
7398
12224
9201
7251
10734
7311
8741
7815
5736
8286
9204
8907
9264
7340
9809
2954
8047
6944
11618
958629
8147
8512
9332
7004
8521
9429
8121
9244
5705
4130
9319
958921
12443
8214
9952
9325
957796
13291
960115
8184
16638
6404
958221
5307
10133
9682
9680
3045
7004
8888
13076
958529
8731
7141
6438
6901
10121
7135
8870
11636
9984
8397
9746
7272
11925
9493
9736
960389
11460
7745
8658
9138
9979
10134
7220
8426
8168
8988
11045
9149
7449
9056
7160
9956
7113
8166
7871
6745
9314
9212
9812
10040
10175
9781
4382
7689
6946
8445
958113
12000
7850
956722
10869
5843
6553
10780
9855
12774
9584
9132
7250
8906
956254
9483
10284
6407
11213
8377
1826
10471
10032
7067
9086
9360
6447
3183
6977
8712
9663
7000
8264
10783
956933
8384
10286
8130
8090
9312
9663
7432
7597
959843
12071
9830
955920
8030
6622
8065
7683
10620
9943
9536
8326
9161
7574
7634
8846
9377
7357
5839
7725
6673
8648
11051
11884
12023
5464
960339
15349
7565
9638
7726
10983
6806
10024
10160
8511
6916
6021
6822
2735
6220
9268
8394
955919
9589
8830
11108
9096
8236
7822
9428
8936
8513
10430
11538
959094
8243
4991
10003
5664
9743
3684
7258
5443
8959
8237
959770
6395
10650
5506
9701
9591
9324
5616
8568
9892
6943
5683
8077
9549
958159
6894
11080
11677
9093
8213
6986
6885
8397
11346
8677
10774
9374
1814
7786
5728
2934
9750
8379
11509
9837
7305
13225
6655
8912
13646
7811
7230
8429
9752
8911
13473
11248
10837
9516
9361
6244
5935
7026
12265
9648
8362
7735
8263
9224
10033
6062
5403
12828
7339
6535
8671
8412
11662
6214
8418
7723
9380
7662
7385
8743
5317
7972
8982
9258
11015
11058
1729
3715
11505
7331
9131
8207
8771
8294
6800
12271
5378
7522
4265
7034
10973
9256
7188
7456
12024
10877
962106
5605
4764
6642
7497
9826
10126
10481
4865
5574
3473
6118
7045
9112
10793
9733
10501
9590
7607
11336
7822
7442
7931
8579
11545
8501
10264
7285
8540
4576
7290
9088
8452
9578
10303
11521
957799
956016
7814
12700
9815
5798
8929
958737
9075
8493
9899
956260
8199
8792
7381
6946
9229
963580
7932
8070
10364
8206
7289
11115
12329
5528
960472
9212
6916
10536
8845
8876
9901
10901
8146
7686
9233
9615
6747
6842
12118
13983
8687
6290
7013
8421
957569
4527
10037
7385
957844
9542
9477
5990
8142
8181
11604
954096
9302
11270
3913
5351
960368
6104
960779
11187
8982
6946
10843
5620
8846
10099
10463
13466
8548
12113
8613
8761
6871
6612
11074
955856
10799
12129
8775
11971
957249
956782
9035
10839
960653
6127
9223
6689
8290
10188
956583
6109
7930
10534
957434
11208
7137
8554
8717
6903
7340
5251
6283
10327
7618
9606
9414
6312
8501
11076
6440
12341
961897
14089
5125
9615
9604
9740
8048
958607
12043
11792
10271
14427
9809
9924
10864
7281
9572
6914
10820
11617
11268
2708
5004
961912
5395
956989
9559
4915
7683
6697
10863
6752
10283
4176
10425
7391
8221
10043
5494
8292
9143
5919
9256
8659
8142
6394
9854
9488
8280
9414
6147
9914
12148
9105
8931
5780
8167
11218
8588
13335
9988
8663
7849
6126
6802
6703
960474
961999
9435
11960
10953
5836
9375
7408
8747
11962
10560
7758
9111
4505
9313
6561
8986
13093
12455
7823
10804
11809
6312
8430
10222
13236
8025
6723
956980
9517
7698
9330
959167
10407
7334
8446
10449
10752
7051
7235
4059
10505
956876
7229
11992
963459
7235
9308
8892
8474
10398
9796
8549
6511
7351
6532
7775
6755
10421
7032
11087
10667
5791
9723
9498
7020
11178
7888
9099
7739
9422
10691
7037
956119
7099
10109
6470
8075
6822
9809
6839
8327
6890
13935
6841
7181
13803
6133
958764
12840
957176
11462
5444
9202
8725
7610
4292
7014
15709
8893
8580
8566
8938
10213
10085
7217
11155
9639
13939
9970
8759
9980
9995
956501
8316
7170
8554
9076
9966
6401
10508
8570
9426
9486
9292
9103
3814
9380
10729
6664
10095
960807
11528
11113
7722
959159
7579
960835
10986
3631
10842
13633
12261
7251
7218
15635
10026
7748
12668
5818
5967
7661
11325
959967
5278
8146
8118
959609
8869
11110
9164
9552
9551
960071
8672
9531
7787
7123
10286
9976
6698
6919
8696
9622
4939
8608
12553
9909
11452
8933
10133
6627
10531
9571
13046
6218
10060
957542
9844
11328
7950
12017
7407
14644
4902
7410
6820
6419
12423
10552
6812
10446
9895
10249
7657
11203
7820
8102
11294
11961
7319
10682
10443
9742
8772
9499
8078
8990
8314
7478
7995
9791
9295
9268
8272
10511
11096
9532
12654
12025
7950
10805
8297
8567
11750
8967
5425
10389
957683
10089
7284
9530
8998
7187
8598
9158
8837
2857
9238
958649
956957
11868
6134
11176
10299
10110
6453
7219
6441
957556
9605
9171
6351
8476
14461
11585
9011
7124
11675
13421
4517
7563
5874
962066
960066
2692
956756
5802
12462
10158
10787
9570
5097
7336
9572
5785
7001
9301
7205
9496
13124
5991
8026
6294
7636
9613
8097
10505
10127
7445
9096
7324
10018
13090
7112
11585
9491
11242
4432
9414
10455
8871
7262
9808
12390
10558
9707
8301
11163
8236
12068
9302
7491
10762
8178
10483
11970
11259
9127
7459
8051
9314
8673
8673
5523
10953
958925
7998
6690
8321
957293
8997
7424
12116
959737
10173
7170
9487
9738
8719
8800
10674
6958
9342
11040
9129
9094
6770
3138
10073
6579
12085
7426
957384
8568
8776
8255
8156
11109
9672
10515
7710
952978
8259
11487
7228
8023
8207
6866
5834
8103
9601
9559
8241
7723
8999
7591
11435
8530
8276
9701
8806
14166
8454
957176
9522
8932
11217
8658
959601
7116
2971
8710
9293
8803
9003
9849
6356
10571
6713
8751
6183
9401
13031
9970
10075
11133
11657
11236
9914
8789
12217
7043
7843
10082
7995
9652
6128
10623
8638
6749
7547
6348
11237
10845
957684
5712
7412
10541
7410
10296
8492
8603
7214
10299
9991
10265
7235
7103
9499
10018
7870
957235
4803
8596
8564
15457
5302
8938
9758
8052
4399
9960
7737
10688
959830
7536
11795
8865
9051
6510
8777
962090
8298
6608
8777
8795
7902
9222
9697
9843
6660
12471
9251
958121
7500
9426
4881
6922
8392
12663
13740
10097
9364
11446
5874
10119
10539
955353
11130
13530
10075
7516
9251
11736
10975
8748
9707
5584
5094
7105
6596
9109
8321
7383
10228
8447
9777
8280
8263
10736
8065
8416
8733
7839
8381
7096
958113
8327
11864
956546
7546
9441
7411
8415
7516
11212
9805
7220
960271
2690
11106
7485
9135
9153
9526
956063
5593
11075
7974
7830
959572
9105
8864
7898
7872
11927
8330
7283
961374
8706
953529
6908
7446
12839
4334
4222
7783
10055
6611
955581
7325
11732
12230
7432
10989
9550
9101
6046
8812
13170
4661
5616
10366
11164
960740
9582
10762
8964
6834
6137
6150
5809
10755
13331
6643
5174
5900
960641
10870
6669
4491
8739
954750
10264
12419
9115
8997
6776
8122
7839
9530
9185
8761
960450
8007
961555
9543
7419
4943
7445
5731
6529
11219
4605
8799
5736
9549
6852
7985
8670
6387
12630
7757
8553
7365
8773
11052
10470
8395
10246
6762
11285
6266
10856
8369
958604
8231
8336
8363
12011
955991
959077
8196
8191
10984
9059
6341
3898
9918
6931
9215
7750
9511
10333
8650
12128
3533
9769
9989
8410
11511
6641
8392
6590
3041
8155
12000
9415
5778
8422
14045
6274
9182
17305
6100
8581
8539
11066
5513
9516
955282
961677
8360
6858
7158
7949
10401
959309
10786
956840
960218
6292
9692
12256
8162
10198
8904
10897
957084
8324
10580
8702
8307
7449
9449
7718
8984
959837
7668
10652
4458
8986
9532
960602
6474
8024
957767
12259
9174
6561
7525
6798
957525
7271
9201
6059
11886
13606
11521
10848
5477
7150
5015
7608
6160
14776
960018
959043
12981
10318
10585
8538
8411
15827
8739
11699
6064
8893
8790
11173
2829
956870
9180
9440
6883
3432
958415
9091
7793
11463
8497
4695
9357
959638
6735
9153
9383
9602
6366
9056
7933
8121
8667
7794
12430
958503
7048
958402
10318
6527
14609
8639
8498
956479
5343
11075
11567
6451
6249
11070
7206
9007
7870
9139
7147
12086
13796
6876
7180
5630
13187
6014
7054
8039
9505
14801
9163
9380
956967
5016
9459
7931
8292
9607
6772
9155
8263
6632
5391
9236
11899
7300
12706
10884
11916
5899
8132
5385
6892
8486
8952
7866
10784
960230
8164
8073
956916
7422
7468
6838
10594
7039
960542
9284
7160
6929
9815
11039
6024
7514
12344
957952
6817
6938
11016
8700
6750
5268
8714
8046
4533
6991
9261
10604
9650
6755
7910
9644
4728
11095
9095
6949
9378
9257
9572
8954
5550
7199
8092
10517
12133
956017
9302
4296
7107
8762
9978
8805
9477
8331
9533
7889
9081
8616
11599
10619
6576
11918
8276
9101
6895
12405
960794
8834
9170
8685
11490
7650
957325
10745
5645
952722
11877
8373
7560
8050
11198
7478
12470
7476
8978
7768
12388
4784
7468
9576
10864
7916
9862
3047
8305
7778
11812
11400
13366
8376
13347
9101
10401
12880
11253
9792
961230
7459
10604
9572
12001
9977
7218
6126
8281
10808
9665
9177
8188
12859
960357
7769
11549
7645
7611
10031
8304
5866
9437
6864
9856
10134
7842
9385
7892
7006
6063
10235
8840
6446
6589
8060
7738
9599
956253
961677
9571
959401
10977
12034
10065
8204
9429
10588
7796
8786
7883
6947
10003
6519
951756
10203
9332
8517
10783
10719
8882
9447
9675
11407
956757
8839
8370
7658
8804
9562
9614
7386
959752
10335
9001
7817
6487
7411
13329
5361
9839
11010
9606
11681
10839
11163
5707
11542
6204
7767
8289
11539
4282
11191
7212
9443
9809
7072
962938
10396
9142
9979
8516
7608
7760
6746
10227
10215
6774
7037
9053
9077
8364
14289
9555
4159
11232
6530
9654
9559
8740
8156
9637
7670
3128
8431
8866
9326
6950
6960
4219
958109
958817
12024
8659
6851
9749
7940
9380
11894
7340
3377
7139
7258
11236
5687
961173
11097
11102
11049
7066
7599
7988
7101
7217
6688
7914
963366
7554
5128
5982
10675
11936
9464
9114
8688
6446
8534
9341
10719
10492
9192
8733
961367
11462
9667
8178
7184
6799
6467
6035
6797
9018
8519
6668
4263
8466
954346
4667
10505
9746
8991
6883
10135
8389
9030
9114
6580
8609
8312
10926
8403
9547
9758
6310
5256
10700
7730
961719
961361
10198
7891
8874
7443
957755
10808
8787
7333
10195
6218
7792
9800
9794
7279
6117
8712
9046
4559
8200
10085
7513
6445
10822
7355
7232
7423
6934
11484
7983
6539
11123
9620
964737
7664
3518
8049
6582
7795
9123
11738
958953
2553
9680
957386
8805
11772
8766
8843
7750
5437
10491
6625
6672
9013
7135
11840
5726
10709
9938
9026
7065
10320
6957
5505
9258
8091
7848
8782
9219
7953
10062
4616
9521
8397
9240
11009
959722
10659
7474
958876
8824
11843
13948
9050
13573
9755
6211
6415
10264
4736
10829
7050
8451
10575
964741
12676
7364
958029
13270
11313
9560
5117
7026
11934
9770
12018
7161
958714
956703
9120
9084
7734
9956
9087
5876
8862
7537
12074
9817
6696
954612
961502
10243
8188
9102
7218
7486
9333
5669
12038
6072
11119
8385
8670
7020
13229
7735
9474
9354
8338
7481
8281
9005
8199
5041
5368
6998
8099
6301
13049
10452
14118
9003
8759
955598
9901
10155
960588
7986
10663
12992
10820
13070
7748
9683
960296
9636
7391
9276
9415
8130
4471
7748
8826
12822
10492
6509
7092
7577
4942
6903
957216
7771
8773
9288
9786
8980
8250
6782
963715
8332
9278
8110
8677
7940
8692
8931
9063
10719
961470
11152
10540
7625
10930
7010
9008
5608
7131
9464
5159
10008
958667
7057
11268
4674
6400
5893
7311
5377
11054
7421
12253
7603
10227
9951
9945
8703
7547
7306
4706
8031
963607
7051
11341
8774
3935
9888
9328
10400
6937
8059
7945
7778
4468
8650
6019
9074
10160
8893
9083
962739
9848
11200
3265
8310
5502
12621
8219
10450
6464
8930
961785
7854
959356
7792
957318
6756
8234
959687
10023
7645
8731
11248
10829
959844
9475
6987
8664
10069
12451
4989
7451
8599
6486
9989
10807
15119
6171
10371
6497
4649
7551
959640
12048
7066
13050
7901
7381
7404
8273
11730
9567
10079
12178
13347
7282
8565
9128
9398
7175
954613
7707
7205
5531
9408
11273
10223
12941
3000
9718
10410
6040
10587
3310
8432
11570
9034
957854
7032
9763
8559
11171
7685
8547
9088
955917
13817
9369
11267
8063
9116
6417
9064
11830
6464
6150
11693
7933
8676
9929
959452
9091
13103
13293
6363
13050
7503
955953
8231
13997
11652
7420
10571
9613
959865
10348
8639
958120
8635
8851
7846
959057
6522
4735
10849
11567
957610
4673
8002
6351
7526
6251
4690
7687
7649
6380
7536
10330
7999
9196
7406
10285
7558
7162
9450
6693
7931
7449
6496
8249
6428
7226
8027
12691
9045
11069
5380
11230
10599
9836
10677
7086
8900
8731
958327
9760
8506
7162
6525
8982
6681
11800
9627
959095
7393
8264
8863
959639
11441
961433
11003
9419
13762
959226
11370
8540
7970
13355
10237
8050
6839
6622
8252
6113
9346
9967
961230
960206
8334
4306
959657
8782
9872
7403
10708
11519
7716
6434
956151
7351
7632
8822
10247
11175
9120
4788
8366
8721
8859
7385
7954
9099
6455
5824
11871
959019
10249
7588
7768
8207
10204
8810
8828
957675
10005
9619
6648
6408
5807
9318
9232
6416
4314
5773
7640
7008
12170
960249
8870
9141
11228
10054
6250
5616
961972
10564
10258
10139
7502
960833
4429
11409
10664
7095
7372
11470
8518
8896
11011
10656
961104
6504
8563
959479
8009
6056
4397
2185
8578
9003
8682
9445
8273
11548
10656
10744
11072
9752
12367
8673
4132
8707
7685
11802
8500
8471
7320
8140
6851
8568
8994
958158
7594
958931
10804
9601
11196
9237
6654
7410
10575
8218
10515
9387
8421
9736
6774
10288
6791
7243
10423
10298
12646
8413
959900
8988
7846
7147
8000
961386
7159
12141
9532
9513
11802
10397
10971
8051
9051
957154
9189
4180
10422
9277
11451
8271
14403
9420
10126
10929
12703
957077
8272
6808
6107
4638
7621
6395
7381
8255
8499
11516
6010
8464
9388
9231
8299
8635
9853
7039
7403
8540
10187
3899
6635
8394
4468
8740
6902
5957
10924
8431
8835
4769
6895
961175
956632
7110
8166
9060
7976
5117
8033
8200
7851
954898
9982
10483
10493
11433
11141
4515
958686
8262
10106
12228
6367
10603
7310
955453
10654
10685
9271
6653
12640
9936
12897
961044
11288
8704
9476
8890
10885
5752
2940
5357
7999
10249
6987
4901
5803
7024
959358
9631
9163
10348
13016
6282
9457
11124
10881
5643
7683
3475
9925
9879
8759
6183
12455
958957
3643
8771
959015
10909
8923
959703
8209
8125
12029
958285
10723
8953
7408
960544
8703
7321
8974
10283
955907
3575
8202
5329
6492
8326
10694
7618
8240
9808
13161
957650
9631
6360
8064
959576
9653
961314
8993
8779
959601
14861
7214
9926
10250
8614
11506
5467
958856
10813
10114
9008
10414
10040
8293
2445
5397
8415
8087
8208
9574
13101
7568
10396
11685
9792
965592
12533
13049
11630
10651
8864
7896
7403
7136
10140
7353
6926
9493
8994
961085
4195
14364
10006
8269
8373
9908
10468
11624
9944
8691
8370
7159
9746
956545
6494
8589
6924
958726
13367
5614
7235
8030
5973
11425
7175
9064
6930
6947
9768
11549
8647
7685
9696
9776
9471
9312
6639
9560
11624
7541
7030
9953
9097
5139
9259
9752
9418
10650
7943
4372
7723
4025
8015
7890
6948
12187
7778
9110
9381
9677
11714
7504
957750
9888
7793
964703
960477
9677
9364
10364
5962
7941
8583
10123
8335
957116
7854
9414
8842
9707
9995
11359
4640
10704
8570
13169
10653
7079
8180
10506
10231
9160
8593
957272
9494
9072
10230
10117
8314
953133
6566
10539
10780
6066
10634
958726
9539
6522
953096
960093
958639
2940
955783
8147
3145
7440
10935
9113
8836
9541
7523
8356
6936
10257
13275
952988
10383
8839
961658
11769
7491
11456
9653
9976
6476
9083
8946
9690
6213
9684
7967
8825
6259
5808
7801
4592
7380
7983
6937
7307
8239
5847
8317
9767
7873
8388
8920
9924
6616
5824
9115
6174
6626
9741
3066
8581
12814
6684
9367
8962
6151
8514
7846
11113
9283
7009
11830
960626
11752
9732
12955
7426
9710
8381
6910
11253
8708
8178
13538
7118
9940
8576
7136
10751
8501
8315
9940
8201
5164
961939
5023
8439
7605
8128
6325
13119
5393
8552
7776
11086
958330
8086
4608
11010
10725
6998
13168
8853
11007
958906
8931
13406
9973
9656
956413
8831
959248
9414
7402
8943
9189
958785
9388
958408
8695
10007
8307
4606
9119
958454
10484
8000
957184
7677
7275
10915
2389
12138
10241
5451
8173
8509
9842
7138
4457
6997
10208
12021
9879
4897
8109
7422
7427
958056
5559
9858
7155
958173
10228
3051
8584
7282
10016
8783
15866
10444
956651
6545
10394
6638
2139
7902
9479
11675
956155
8041
6886
958378
12406
9069
8203
7715
9787
11515
6725
5506
7963
7776
8784
9478
10089
955762
3944
10010
11461
6962
6548
12904
8326
6937
958998
8440
8120
7623
10906
8735
10210
8418
4724
8493
8878
7879
7702
6983
9282
7647
9863
14631
960071
10842
8004
11838
10375
6943
10352
8809
8826
9061
11493
9497
9674
9094
10071
959768
7020
959651
8190
6379
10532
10746
9591
8024
7206
11575
11464
8586
9465
8298
10481
9789
10956
11199
8680
9432
8842
959688
8284
8687
8312
10600
10312
12063
7868
5897
960752
8991
8890
8474
10036
7344
8907
7201
8366
8813
8648
2973
9380
11009
8934
8912
8379
8930
9028
8811
12313
9477
8498
7114
4717
11074
9954
9002
10124
7312
953103
11659
11292
10815
8326
6996
8119
8305
3268
3905
10207
7091
7356
6327
6479
9607
958120
959307
6601
7636
7858
959140
7699
8516
8580
8798
10536
13655
10486
10650
8590
8674
9549
960428
961856
8949
963328
8384
956007
7376
7943
6720
9346
9816
6190
8394
7311
9172
7679
5721
8960
962483
5743
12932
6636
10185
6737
5807
10995
6496
8482
10215
8389
9962
8673
8104
9599
9321
7136
7439
9220
10533
8727
12063
9349
7234
8030
6225
7540
10131
8895
8400
7993
5880
8445
7246
6078
9705
6517
10028
958044
8689
9368
9874
9557
8968
7998
11725
11138
7803
7210
8940
10667
12857
9325
12352
9712
9773
12697
4976
6752
6398
9159
9876
9668
10977
9674
15896
6830
8483
957425
7859
8039
11189
8316
7923
5950
9539
6948
12721
9227
10865
7809
10035
962315
9382
11576
960318
9297
6378
13495
6154
10160
11124
5213
10091
10320
9376
12246
11209
11239
9434
11559
8447
6203
10798
11208
8784
9614
959653
961241
952877
11811
7413
6391
5085
7151
10251
6356
6403
7248
10586
8333
5669
6420
5894
8316
2691
7845
4557
9157
8195
4074
11741
961322
7421
10014
7519
6140
8031
12834
8398
7921
7460
12102
7721
8389
8160
10644
7096
11614
7689
8079
8507
5174
10860
10046
8946
6207
9763
6310
13004
7953
10066
8141
11224
8982
10357
10202
9351
3953
9316
959773
9314
10389
10470
7549
7953
8281
5323
7016
9619
4826
4214
11128
13351
8612
10678
7974
12820
9728
9055
5572
8600
8621
9940
8861
9684
8754
6416
8001
9324
5622
7277
10294
7743
10663
5804
8989
7490
10591
9222
7414
5770
7746
11083
6599
7416
958942
8898
10877
6986
8223
8593
961912
961346
2431
7850
9778
6416
7389
10102
11088
8201
14012
5568
9808
12403
10299
958159
6809
5980
8140
962455
8647
9656
8305
7936
8522
7081
959532
7074
8916
11308
8249
962242
12285
7460
10546
13671
8827
8568
9935
13685
8593
9976
7701
12428
6920
11475
7847
9208
6939
9336
9354
957965
8728
9860
4209
9522
7182
7111
10624
9055
12155
11460
5182
959248
952768
7602
10231
962857
7284
7563
10314
9494
2681
8134
7598
5287
8420
10119
9840
6427
11745
8737
7451
10905
7309
6551
7473
6250
13464
9015
8168
8161
10183
10360
10228
958571
9735
10513
7773
8812
8860
8036
8212
12949
10497
9810
10764
957421
8136
960397
8590
7201
9534
10446
10175
12393
9957
7074
5684
9151
7230
8913
10770
10972
8941
9021
9314
7182
956828
6234
11059
9567
10731
9752
7400
10381
9817
9371
9126
5702
6938
10013
9232
8872
11172
2978
6826
10317
10679
10814
9452
7455
7998
960263
11293
6791
8002
959407
7013
7043
962146
7789
8204
11651
8528
7299
952615
7492
10265
9197
9391
10067
1771
12220
958965
6665
8519
7849
7739
8560
7327
9125
11187
9361
7487
7673
9694
8603
10088
6862
960482
959261
9649
9179
9819
12894
7569
8409
7669
10102
4110
8571
11062
11870
7351
8029
9723
959401
8756
8374
9665
965479
8834
961142
6462
5856
8535
10528
11456
8832
7591
8218
9232
8115
7723
9763
6209
9936
7375
7551
960887
11656
7971
9681
5371
8540
7279
7080
11698
9569
957774
6883
7927
9515
9532
9283
5505
14170
9685
9882
5587
961867
7278
6916
9977
10226
7020
7183
8766
957635
3840
9848
7889
9417
8865
7938
8625
13238
7035
962108
10111
8698
7870
955048
8170
8933
9810
955971
8773
10118
8693
9334
7968
4756
8097
7191
6366
6458
958160
9951
5786
956803
9693
7596
13059
6503
6276
8627
9005
10189
9056
10947
10885
11272
2961
6627
7953
9292
10780
7947
5511
10158
7654
6567
8534
9912
6946
13273
10023
6172
10376
8190
9426
8264
7122
6197
10735
7445
9787
7564
3903
12561
6657
11279
9308
10138
10064
8254
9269
957029
8261
15771
8712
4558
7429
9159
6989
6709
8929
10504
11879
9820
12181
6480
10086
7498
8925
9991
7766
7076
10322
8089
7027
8055
8264
6817
9024
9177
8736
9317
7253
958239
4828
10070
10158
962668
10529
9931
953648
6621
8138
9284
7581
3862
12645
9930
7189
6419
10276
7219
4018
3190
7082
960441
8498
4177
7695
8608
8703
8790
5737
11203
10861
6876
8764
8436
10627
2415
958750
9118
956952
10146
9989
5197
10906
11524
959915
7670
13179
9459
8596
11435
9592
9407
957784
10199
8406
9231
8126
7137
9667
6883
12749
8351
7508
12064
957087
10364
6602
9264
8526
7355
9475
7789
8856
4079
8335
6413
8928
9205
10257
11200
7173
13388
9706
9705
8747
8139
4905
6697
8142
9626
8671
12342
9683
7708
5324
9499
11733
13370
8126
10522
10926
7871
8532
8073
959785
960100
9125
10078
6903
9225
11875
957531
6236
8153
6576
8505
5586
7985
10482
8864
6951
10366
4677
4719
8740
8856
8539
8561
9729
7567
11427
10475
15677
961019
960759
7289
7100
7366
6207
11374
8743
9803
6857
7211
6064
961278
7300
7060
6783
12490
11538
11502
6158
14924
7959
8968
8933
8828
6567
8876
956817
12630
9362
6659
7071
8644
957333
8222
6339
7374
9740
12467
8184
3942
8258
11391
9467
10684
1729
9811
7985
7157
7068
5724
8943
8230
7751
5540
10267
8081
11862
5901
11157
11855
8055
958706
9023
5445
11848
958572
11064
6116
5353
10030
4842
9408
3327
11484
8102
4981
7024
12406
7434
957214
6836
8012
8390
8616
7127
8547
7953
9081
9217
8978
5172
7590
5046
7879
6924
11765
12885
8360
11115
5763
6839
5499
9326
10415
8079
963193
9123
8747
8215
5311
9348
8032
8346
7910
10871
10133
8102
10119
958427
8625
11756
11091
8521
5958
9708
11848
8288
10620
10066
11825
5132
7749
9537
8350
7843
7458
6179
10165
7357
9848
960583
11162
5904
8247
3557
8291
4478
7413
6671
11713
8847
7204
10003
9990
9322
5557
8803
10194
13290
8635
7427
9867
8537
9050
12750
9150
11237
960530
11300
9923
11893
10282
9111
5180
959385
8522
7083
10582
9540
7507
13119
960341
7330
10074
6556
5564
6113
5425
8823
7291
8448
8046
8194
7809
9990
3709
8377
10294
6627
954088
5065
11055
7898
12672
7210
4003
10163
8550
9685
14649
11553
9664
9679
958083
6821
7110
12566
10608
9232
7828
8347
7491
6105
8692
11702
10121
7949
9866
8558
13262
8664
8635
5460
9218
9824
962547
9294
8071
7606
8243
13979
6558
10695
7094
7125
10055
10910
7103
10630
8938
6919
7070
10738
6893
7282
8823
8489
7843
9518
9243
4992
7608
9186
8774
6721
7100
8008
10312
957223
958986
9626
9581
8700
960106
11019
7869
7169
8756
11764
958209
6362
12400
13488
9362
4835
9710
9478
12346
6074
8633
7720
8252
9378
10234
8781
951799
7525
8929
8871
9677
8010
10218
7425
5648
7048
6004
5467
9356
12172
11875
9106
5777
3929
5505
11349
960924
959560
2984
9577
7202
957229
7875
10960
963157
5070
959433
8197
6731
10343
9783
10061
9941
7566
1706
5797
9169
8310
10259
6978
10236
960476
12872
7706
14571
6310
7948
10108
6768
8587
6927
7559
956493
4927
11896
10134
8326
6199
7896
9964
958363
953532
3035
8649
957751
11563
8862
7246
9021
12824
955855
8171
6980
9681
7383
7458
7821
12277
9818
7250
10603
9959
7084
7689
8586
956650
9305
10483
7879
6970
14574
10283
10042
7661
9749
7526
959002
6298
8922
7622
10718
9156
7084
9488
9145
9540
7228
7449
5704
12834
12884
957872
960698
11101
10276
959153
11032
6433
958503
8421
11542
11944
9562
10214
8596
15701
8483
10406
10399
6239
9461
956929
8853
2544
9728
9885
3797
7013
8269
6786
9753
6903
9558
8570
10427
9211
9294
9269
3995
4710
6630
958416
8982
954014
959615
12237
8778
5545
5923
11516
7306
5882
9198
959734
5569
9111
12177
7016
7970
8444
10021
9670
958154
11146
8724
3922
6610
4197
9369
13894
8870
8121
6560
7784
7570
6912
9195
11783
10158
7000
11068
9869
10784
7246
9749
12762
5996
9059
6177
6386
9141
8618
7292
7822
7327
957891
11848
8749
10652
8541
6849
6161
6141
5933
7587
7496
8713
6492
8841
11376
8823
10824
12092
10151
960392
5823
10793
9850
4453
12088
5011
9193
5581
7566
8555
6591
11858
9956
9175
7581
12800
8215
7055
8443
10859
6539
10804
12360
957787
11800
962335
6605
8727
6926
6676
11603
11060
6974
6678
11844
10260
10022
5674
7396
6741
10482
12486
12107
962297
9439
957818
6377
9415
3185
6805
7110
6079
7353
6454
6342
8192
7208
8478
6307
10709
10589
9313
9889
10339
957651
11676
10194
9971
9053
9078
12412
9891
7236
6164
9411
8090
9234
963805
8457
9391
7723
7881
9978
9836
10455
11675
12998
8406
11014
6396
963669
6494
10362
7562
7684
11368
10495
13707
8935
11225
7232
7417
7877
9115
10727
9572
9662
8157
9368
9243
10416
9612
8477
10935
4827
6972
7866
11099
11654
11040
7170
958039
958271
7779
7306
5200
6990
4862
12905
7845
11329
8943
4779
10411
6451
9683
955935
7441
11040
6707
7358
7516
10834
6350
8391
9702
7757
11707
9242
7386
7258
8652
7868
10637
9290
10269
8269
7531
8629
9127
8442
8681
7916
8424
12027
10987
9105
5444
11540
9224
8147
10487
11552
959070
6122
9106
7341
6534
11075
9607
6327
957915
10541
9418
11588
8114
7368
5734
8718
11406
10723
5961
10816
2978
11583
10073
6834
7754
11777
8002
9483
10805
6781
5449
5148
7781
3197
11301
961251
9267
9476
7701
12207
12105
7310
5114
9746
7731
8436
5203
5420
11926
8757
6821
9832
8723
8135
962646
10184
9868
12029
5853
8845
6634
10563
11039
8553
14327
6833
13253
6199
12751
961722
6902
7321
11750
11346
9032
7078
7475
8299
7722
6358
957568
8557
960839
2145
959625
5454
7401
7399
9086
958872
12228
9324
957867
7530
8705
8486
12848
10769
7248
10606
8879
9725
7880
7754
7992
7817
7864
8147
8056
5043
8266
6565
6962
959787
13529
7719
7622
6588
7663
7836
13134
5596
12225
961461
959471
9369
7007
8167
9329
5803
11429
3580
8806
11592
6823
6897
9208
8458
958836
8842
5834
10243
7967
10920
957174
7502
7812
8894
6439
8074
8182
9675
5719
10406
7297
9227
3371
8626
12492
8142
9474
12179
11362
9955
8365
10211
10103
7374
14056
9832
957976
10083
2322
8804
12620
10258
6647
8427
4968
8271
5932
9817
12055
9393
8381
6768
8998
7926
3411
7266
9139
6858
10657
7785
8663
962583
9616
8853
7536
10960
7027
11102
9708
7714
13866
9800
6501
9686
958472
5706
4629
7544
11282
10505
10405
7230
7601
10253
8950
8546
5216
5383
8506
10431
9128
961061
9859
8924
7250
8524
5361
6073
957487
6736
8341
11272
9253
9604
10139
10518
8648
952712
9485
8898
10879
11659
10596
8022
8926
9873
7979
7499
6616
6422
959484
961106
10399
2890
9854
961678
5490
12292
3312
7133
7654
9256
6789
11153
8105
8334
6568
7726
8761
9003
11147
7182
10912
9877
8046
8713
9368
957031
4270
11030
10179
7980
3919
10154
8599
7635
9328
15634
7547
12118
10108
10094
11957
2934
961209
11693
8537
3916
9215
7322
8922
4944
9331
7947
8297
6579
6376
4199
10395
7003
12296
8389
9828
7481
7277
11429
960842
5279
8691
960692
12314
960463
7304
10873
8285
960038
12740
8611
5232
8911
7221
9334
10563
10550
11540
7068
10252
7234
959769
8076
8221
961197
8158
8814
10581
960460
959994
8288
9753
9451
9508
8742
8891
10072
7018
8381
9225
10534
7973
5530
13132
8100
8373
5846
9741
7365
10055
6415
8239
8128
960636
9019
9574
10755
6839
9983
8170
7674
7600
10105
8620
10260
9234
8253
8900
10384
11699
7724
10192
6747
8838
958403
8080
958970
9889
8969
10044
7727
6496
6414
957875
9319
4522
9218
8986
8696
11160
11096
8455
6394
9895
6832
7705
5508
958338
962036
5012
1814
958867
8241
5145
5306
7506
7938
6177
9287
9078
8621
8516
8122
6653
9165
6220
7639
8515
4617
12031
7366
10516
9329
9957
8831
9207
13243
6590
8205
956695
6945
9512
14536
7187
6122
962109
2948
8469
8682
8619
11257
8487
8588
7709
7651
2506
9402
9524
6251
3806
8861
12528
5969
9675
10513
7920
10271
9375
6011
7693
7635
9084
12621
9619
6409
10869
10549
9058
6183
8425
6260
4468
9121
10834
10231
9609
11150
11709
7749
6518
9101
11610
7844
7068
960086
8765
12611
9786
963120
956268
7056
8958
8814
10291
9168
10544
5187
8081
6470
12543
7608
8182
8285
8715
8796
7155
6497
10548
7222
958311
9286
9171
9740
7849
10657
9229
8500
7255
8499
6274
9778
5163
11403
7077
6523
10169
8360
8100
6620
7551
9054
8540
5463
9171
959961
959259
5423
7995
8880
7769
7251
7390
8138
8341
8986
9883
11697
7467
6440
9910
954321
7845
955818
10005
7154
6913
961522
5464
8439
9335
11185
9743
9973
10114
13091
9333
11640
8385
9813
6967
6479
10749
7460
8852
7797
10837
955535
7155
6426
8891
13173
8074
2629
959501
8019
8863
9812
11130
10074
957031
961425
9698
9475
6537
7900
8895
7134
957548
956300
9337
9768
7686
7076
10030
8564
959413
10819
12689
9564
5520
11345
6517
10913
9362
7676
9429
10406
9582
11292
8679
8791
8398
8315
9387
11243
9772
7181
6267
8654
8727
11932
6903
7270
6538
9160
8472
958305
8239
9605
9645
10387
957197
6205
959283
7960
6492
957844
7553
11383
6440
6305
12095
9195
9036
9823
955226
7430
9768
4690
8029
6576
10448
8280
12111
9938
8347
7676
9186
957814
5577
7932
11803
10662
7631
6229
10403
9070
9526
10211
7795
9374
13191
10443
3949
7034
10056
959127
9224
14163
9606
8363
8735
9658
8979
7984
11255
8696
12883
12325
8428
5093
8586
958274
8865
3416
961953
6302
8308
8682
6284
11517
5309
9014
11598
8566
8688
2615
15462
8118
11010
7923
9073
7934
959367
8374
10879
9497
9778
10114
8127
7130
5580
6119
7198
10525
4492
959062
7317
8077
8133
7348
6830
956499
10490
7917
8212
9339
5924
9400
9546
9280
9639
6296
959006
9702
10039
4729
4119
9318
10052
8283
960053
954466
9440
3404
9013
954124
8703
7679
957976
10936
11561
5663
959836
10299
7877
6258
10108
10779
5155
9394
9395
9068
8444
7872
7309
8012
7593
6890
8687
6934
13257
9726
8892
10161
8176
8166
9916
10457
7706
9265
9654
6501
6617
7109
11162
2766
6276
8528
8473
9832
10780
10162
9699
958380
7599
8699
10615
11748
7338
9812
9776
14192
7507
11532
9365
9643
9767
6411
8985
5428
14299
956484
3539
8406
9631
6810
4256
9194
7977
7525
960296
9844
6449
7238
8254
7639
4980
960584
9375
9709
958046
7731
8143
7554
10407
958717
6992
11393
10667
10347
10186
9685
4831
3703
9109
959563
9099
9573
10359
10343
957647
12096
9561
12017
7057
8948
8280
9807
6632
10732
957565
2675
9913
11131
5642
5765
9141
10904
7642
4832
9909
8336
12345
9048
8364
10408
962491
9227
962363
10062
10723
7992
7552
958389
8616
8107
7249
7607
9149
6029
8308
4650
10621
12052
957310
10050
6903
6857
9074
6921
8427
9476
6517
960599
9708
956955
8269
8774
4376
10524
3956
5543
12666
11096
5834
9020
10432
6316
4227
7183
7250
10752
6540
10519
12793
7419
3750
10877
962882
10631
10306
8175
8523
959332
6773
6293
7281
8178
7718
7892
12922
1606
6345
9547
959096
8784
5812
6839
11222
7113
9050
9832
10098
6824
9371
961864
8349
956838
4098
957883
6811
6595
8152
11336
7676
9964
958989
11306
7610
7405
5813
10545
4751
10526
3160
11621
962681
9486
9348
11101
4661
4208
10607
9415
7846
8243
8228
7690
7956
8958
8116
961065
957684
9046
8789
6625
7863
9945
3901
8252
7890
960739
8573
10394
7194
8397
2748
7327
9539
8362
2168
10103
11598
9030
7700
6842
958236
7152
9237
7407
6569
8075
16427
12432
7409
11043
9767
10672
10915
958608
9871
8139
10253
7238
6580
10646
8749
10946
8592
8443
9978
7058
11362
10986
10858
957757
9988
9703
7966
9522
9004
8378
10517
7182
7675
6792
958355
9314
8237
9932
11157
7543
10125
2531
8421
7991
10883
6170
7206
8193
7009
8454
8459
10513
10244
9791
8092
10198
10180
10884
958941
960964
7554
6997
8669
9504
7775
8417
11523
8347
9681
8195
9528
4757
959092
11739
14619
8118
8480
5611
6668
9432
3754
8566
7851
9259
11385
8769
7435
3193
8808
960185
961133
7892
8181
9860
9392
958610
9582
7970
9972
10939
7969
10345
7390
10619
9996
963401
960333
8763
8379
8509
9018
7429
9902
10131
6431
10179
7759
7611
11628
5472
10136
11582
9162
5641
6677
6440
9573
8371
8889
8306
7532
12769
6626
8275
954865
8992
10192
5964
9294
8735
11878
956181
11284
3290
9800
3525
9681
10224
13420
11157
8127
8033
7171
3179
6319
8233
961312
10314
9736
5679
8994
5203
6789
7232
5359
6709
9496
9958
9236
8353
8130
10215
6646
2840
7914
2592
9182
955823
7404
9256
7818
957230
10117
956688
7642
7590
9399
2701
7324
9140
9783
7607
10262
8204
7834
8331
7334
7133
8756
5657
11913
13342
9619
7748
6771
8053
6796
10137
6602
12033
12293
8880
8668
5224
6061
11259
7774
9839
5600
9118
10212
956257
10904
8807
9344
10336
962880
8069
7837
9378
9948
7348
8256
11601
6048
8329
8863
8542
8878
7530
9848
10655
3622
8279
6918
9991
7780
15680
9138
10674
5982
7738
953852
4637
5633
9739
7311
11343
9556
7684
11530
6436
9553
7698
6008
10355
10505
10645
5418
10390
11039
10282
5879
6450
6344
11387
10267
6194
9797
9904
10112
14506
957012
8070
12445
960012
7465
7258
8252
6132
10820
10296
12310
9348
7367
7631
8959
957383
10150
8639
11791
7634
7249
8296
9990
7893
11303
12407
8193
11003
11411
11476
9090
12257
4865
8122
5063
12102
8573
8833
8371
3314
9525
8476
4264
7846
8780
10139
9519
8714
11304
10893
8189
11236
7157
961391
11462
5304
9626
9961
6505
957628
6866
10116
7452
7082
7733
8139
5062
8021
9810
8252
961353
957008
6087
6095
7338
8671
11189
8021
12021
8079
7727
10394
8269
11745
7033
10231
4860
7834
7565
7857
11085
960269
9667
4361
11095
9718
8041
9146
9204
8198
9353
9080
8390
8430
7213
11999
9378
9052
8615
6810
8743
7656
10314
6343
5744
7068
8420
9192
7553
7525
960599
8526
10859
960072
5720
11047
955733
8018
9702
9995
9485
11957
6361
8262
9679
10424
11612
6938
9149
8344
9286
7234
10394
6753
8921
9968
5899
10197
10930
8772
8411
8097
8835
8737
7871
13571
6164
9230
8790
7472
6336
7191
5515
8108
960402
9675
6796
11818
11310
7781
10616
8191
8797
8734
7512
6997
8652
4639
960025
8355
8969
9040
9797
6436
9073
955805
6215
12315
9100
9416
10344
7263
10191
13372
5648
9224
9827
7100
5907
10634
9344
5237
956598
5101
8492
959151
9582
11428
959897
8462
9634
7327
8470
8180
9401
6868
6714
8605
8715
10558
958115
7485
4802
6920
12263
11931
6908
10890
4479
10101
5419
7144
3657
7738
8255
8004
957540
4435
7933
9931
9105
14852
7163
5108
9418
957430
10986
10284
7739
7651
11686
7219
7639
12311
8445
9739
4658
8977
957526
6394
13847
10442
7794
7218
7703
10880
6677
10233
11044
6132
4764
9438
7472
12667
7824
8971
10044
8382
8030
8269
956824
10206
11759
959057
960338
3861
957678
10099
11228
3505
5965
5392
8249
7498
9130
6186
9887
6564
7360
7233
8613
10218
9502
12027
6426
6432
3311
8661
8616
10500
9262
959847
7954
8166
6355
8425
953839
8080
7822
11372
9753
12312
9233
8288
9973
13418
10524
959468
9231
956380
10068
4911
7484
4442
11920
8349
962979
4718
960187
12616
9254
7644
8803
11359
6487
6337
955693
6268
10641
7292
958985
11174
13766
8175
8340
12665
5967
9170
7079
11547
9140
6923
10158
6759
9090
8606
960300
8909
11150
11343
5550
6231
4657
10322
11462
11730
4916
10941
956757
959620
9659
5123
10479
7694
8846
9916
8511
959838
6927
6500
8613
6695
13022
7841
958038
12819
3571
8701
7599
7324
6770
14665
8131
959090
11274
10059
8777
9064
12103
11346
8580
9689
957352
10693
12617
8871
3289
12013
9738
8620
7833
9631
9755
10209
4261
8749
7847
10003
7756
8239
962679
10280
9434
10103
8731
6223
12604
6551
10141
7663
8258
6297
9410
7343
962164
9643
10377
10112
8985
7415
10428
11389
5883
8409
7996
8850
9939
10159
5913
9648
7474
9406
958795
7322
7992
9499
10567
6998
8672
956578
7676
954112
9470
6205
8895
6954
8443
9878
6421
7707
9332
11638
10591
9139
9091
7634
8563
3715
9184
8726
10230
11647
8083
8350
8412
8228
10401
9011
10345
8626
11351
6452
11639
10212
8904
7187
8883
9773
9920
961135
9806
9942
11461
7489
11739
3607
11091
10629
956423
10012
3029
8839
9109
8586
7529
4717
7751
8219
957707
7731
12673
7287
8514
6589
12198
6029
10215
7968
10687
10194
4798
957154
9850
9717
6446
10205
8847
8825
9121
11318
960898
9761
958665
5909
8472
954710
7267
13470
10309
958485
9543
5905
7357
6372
7369
6283
10468
9774
7395
958711
957382
9905
9220
10030
7653
11163
8918
957713
10039
9799
7501
10749
11162
958375
11767
960004
9606
8882
4647
6582
9528
7512
8584
6151
963332
9535
7279
12371
11252
10602
7923
5657
4574
10078
7817
12459
5717
2981
959719
959560
957378
9230
4982
11580
10003
9731
6532
12823
9958
10639
9247
12115
962099
7186
5551
9333
8757
9221
6947
957564
8662
11471
9844
8117
6176
12557
12773
8536
11028
9886
10210
6645
9630
9031
7830
6576
10993
8823
8249
8309
10582
6442
8551
5126
8755
9309
7217
6516
956941
962020
8183
12873
6874
9851
6971
7665
9975
8678
8394
8239
960125
6113
957034
9379
10026
10654
9650
6080
2143
3038
2217
10033
11465
7547
7746
8663
959383
7889
9067
10708
7086
6919
5079
8489
8577
11186
7101
8192
8199
10457
956181
9041
9125
959701
7503
8345
11568
8318
7284
6359
7316
963012
8046
8101
8228
6037
9501
6738
8637
8215
8919
961986
11080
6456
14029
7527
9529
12188
10236
8990
10665
10828
9888
9649
9804
10095
5626
9348
7341
957396
12648
7159
961355
8694
6511
960452
10444
9314
13584
10530
8125
10871
958700
10676
5397
8853
10878
8074
9501
9340
9701
6758
9210
6406
9850
8020
11917
958315
9993
10892
9649
9231
6917
7233
7785
957944
9922
7198
8697
9448
10861
7736
8784
10377
9384
7349
7941
7310
8853
9012
9064
7165
9999
6650
8768
10325
9452
7198
7529
955876
12285
5710
2755
8938
10093
9803
7731
9669
952649
7656
8350
8511
11082
10004
8408
11877
7194
11260
6581
952850
9801
11211
6947
8589
7981
11245
957204
7628
12396
4847
9594
10408
9730
961718
10454
9648
7188
8873
8226
7049
9012
8172
7958
8164
11877
12225
12030
10456
958000
5251
957356
9448
3778
11608
11211
5963
9403
9496
8751
9395
10679
4392
10198
7398
10082
960184
9414
8466
13900
10300
956111
10438
10755
961613
6153
7537
8860
9791
4967
958334
959035
10191
958478
6951
6090
7290
10079
9803
13668
12320
7207
11225
9661
9896
3468
4808
6208
10072
7034
8133
11069
961353
8192
6634
11791
6694
9543
8010
7778
4760
12318
7811
6838
5797
8112
10437
5956
7424
957658
5089
13400
10915
6725
7416
7596
8730
961022
8437
10512
7418
10480
11018
8338
8062
962253
962387
8980
5326
6921
952217
12409
6230
7512
8518
6659
4865
9618
8985
9750
8988
11359
10527
9894
5988
7357
9120
8553
9156
9816
8625
956879
959236
5681
8265
11013
12012
9135
6473
12590
11572
10586
6959
8034
11678
952830
9071
9067
10637
9784
7632
8431
13992
5703
7477
7930
9799
9250
9909
5641
955679
6148
7680
6669
8160
6619
8943
7468
4884
952916
9333
6375
8461
10650
8978
8279
8516
8317
4913
8309
12567
8375
6121
9942
10837
10114
9467
10166
12659
12206
12143
5783
11496
11777
7179
8974
6438
10732
14368
6695
5507
7283
8593
962728
5969
9567
8201
7584
8570
12748
8210
10618
7773
8650
7566
9562
5463
6271
11677
9084
957178
9700
7548
8071
12355
9844
7782
958905
954840
6801
9420
11287
8945
10088
961450
11472
953431
9994
6059
4314
12122
6139
11445
13959
9800
6101
7552
9085
5956
8179
10630
12702
8826
8055
958074
7610
6621
9041
8506
11192
8273
10625
8539
7473
6889
5461
957882
8201
4710
6140
8627
964000
7046
6201
8323
13054
8706
8501
9840
11052
9918
7888
11411
7610
8190
10535
11184
960805
7916
3101
6519
7695
11994
958098
7689
11240
11880
6641
6807
8613
6962
11332
6326
8416
10947
12037
8953
9217
5988
8399
6596
5554
4540
12877
5123
9800
7009
2861
7556
9869
7802
6587
7090
6444
10528
8344
9768
961021
8381
7687
9660
11025
7418
3955
8249
955966
6027
10764
10456
7714
7892
12582
11001
9455
8934
6919
962171
8514
9495
6880
6858
9436
8952
6645
953629
7626
7192
10193
10262
10000
9695
8685
10922
7228
10584
7537
9470
8045
7555
5226
6898
6289
8274
7483
958146
8662
4912
8643
8703
8579
8632
7026
6021
6716
9997
12556
7591
9187
6922
11815
8729
9519
6184
8745
7465
9006
5911
959203
9295
8869
9740
9412
11274
10241
11054
6187
7704
10469
10896
7323
9042
11124
11440
7537
10016
6123
4723
7137
7900
12023
6164
11087
12008
7432
961760
9082
8938
9701
7507
11155
8146
962421
8962
7732
7223
9639
9915
10351
7263
8976
11558
10974
3109
8251
9512
7281
7324
8649
8179
9303
958928
7149
9957
952828
7813
952878
8914
6134
6577
8550
3064
7920
9746
6789
7230
8838
9440
10632
954060
8851
8492
6900
7930
8013
12851
3971
7052
9224
7484
952818
8537
6889
960191
7083
9258
6131
962124
6778
5899
6514
7320
966631
6643
7056
9714
9374
8592
961946
9777
962736
6535
11015
956499
6963
8015
956886
10368
8754
8967
9781
5779
11048
9660
957533
962711
11570
9469
10720
5617
8620
957022
11340
7724
8064
11364
12448
9257
957998
6402
2769
14374
10291
8322
8534
6865
8112
8427
8693
12203
9249
6757
10223
7734
7818
6433
7449
7708
5135
952841
10058
11647
10485
10788
10040
9837
8629
6391
10144
957953
7650
10108
6531
6948
7625
9131
7979
6689
10662
11208
9234
11959
7312
10119
11484
10570
6652
10836
8384
12514
953071
960550
10824
9616
6647
10563
10080
10096
955661
960156
8723
9208
13414
9040
6368
962216
9080
8919
8705
6632
7612
3915
9560
957558
7652
957525
956596
11823
8941
6925
958827
960264
8759
12002
9183
8364
8775
8414
960918
958300
11239
11185
7329
960273
7573
12252
10088
961074
11104
960659
9712
7074
7272
8974
6474
8976
954162
8739
7351
7668
4821
13729
11299
7232
6917
7163
4958
960519
2977
8545
10173
7971
10284
10317
12350
8998
9547
8376
11440
11231
8749
9278
8810
8253
7997
4120
7905
958635
7404
6493
6901
10295
7461
3723
10255
10776
6611
11349
7680
957260
7725
9227
10022
8333
8449
9440
9261
8109
11372
7741
9407
9139
7468
11088
8754
7557
957064
9286
11844
6406
955578
8965
12379
12287
9144
4980
9703
8452
8527
7279
8733
8616
10426
11040
10385
12263
7944
8746
8407
2967
8303
6645
9469
6157
6570
10282
954911
9581
4952
11082
7846
9209
8435
9401
7762
6972
7558
12190
7854
8275
8090
10027
8179
9331
6919
956428
9541
5062
9372
11739
8732
956168
10648
8598
11992
6661
13159
7278
8535
13512
9809
7695
8501
10178
7964
7709
961462
8539
7055
3550
8753
10655
11518
11310
10135
960476
6573
6492
9431
9378
9743
8455
11133
9101
6995
7306
8884
8346
11113
7372
8943
6807
7142
10111
7799
9772
6571
6832
5918
8664
8144
11569
9521
7569
8223
5979
7989
13250
10238
7456
10962
6698
4401
10931
7175
10595
9577
956734
12141
6970
8100
10379
7340
955508
9203
5442
7991
8359
10073
9090
6095
8716
9355
7972
8881
5684
9679
9770
11369
6819
957206
9882
7564
9904
9274
7768
9737
960215
8485
11563
9572
6043
962634
8332
11962
8655
6793
961357
4363
11761
8605
9398
13404
8849
8601
9731
9809
8257
6968
8743
12074
7724
9027
6276
10699
8623
9312
10303
957568
8959
8073
4832
10814
11385
8986
8600
11577
10629
9271
7069
14418
10105
10790
11376
8381
12440
9905
11055
9866
4135
10676
5812
6818
956147
6399
9407
11005
9791
10140
8611
5216
958869
9486
953839
7813
6072
5432
7138
3655
5564
957262
956343
13113
8691
12533
8229
8861
7231
9185
3163
8852
9707
7449
11065
9715
7865
7099
9901
6780
963541
14345
956817
959986
958209
8317
960150
9650
11842
8766
959673
10210
6203
9097
9709
958337
8908
9683
6408
6949
5466
9218
8593
957682
5428
11189
7783
8696
6022
958700
7685
3345
7737
9076
10337
9019
5185
7229
11949
8537
5701
8393
8138
8616
8467
5046
10368
7709
9031
12003
6854
957956
4321
10964
11586
9489
10981
9546
10867
10066
6247
9584
6829
6976
8415
8339
960357
961239
9743
5567
11489
4574
957717
10121
9283
10798
8332
10463
958884
11085
7729
6572
8715
7730
6079
4954
956543
7545
8482
10480
9077
8670
5889
12066
9511
6700
7811
7292
9633
8583
6485
12173
9911
8746
10742
956483
10344
7186
7653
7146
7146
8996
963370
7222
4803
7923
960226
11834
8278
957868
5070
956548
8027
9037
7649
963206
958941
6618
8289
10901
12774
9407
2187
7893
8570
7743
7119
8971
8750
8791
8325
7406
6518
7089
8277
7594
7304
11369
8649
8322
10940
9105
10272
958206
6186
10000
958464
8983
8641
11339
13164
9562
958111
8118
8245
7404
7214
961079
8882
7363
963210
9034
12121
10890
10009
5294
11219
9445
6797
7787
9838
7172
11953
2721
961918
10144
3363
8775
10896
7813
955957
11919
9580
5138
5803
10187
9447
5255
954265
6931
12893
7767
7587
11619
9207
9629
7426
4400
8795
7517
9625
7398
10623
11932
3713
11920
7120
9005
7110
8161
13062
5538
12224
958800
958200
959840
961280
7422
957130
5782
10147
10071
8740
10773
11345
8823
9129
6100
7185
9918
5917
958065
11855
9750
5591
10594
10252
5706
9792
9484
9307
9523
9894
7104
9340
7887
6231
7086
8942
7671
961229
8988
11437
9054
13921
9445
7463
962058
11899
962587
10309
7973
8211
9077
959497
6681
11766
9259
7819
8385
6808
6994
6966
7213
8479
8865
7100
10306
7433
11260
8712
7061
7437
10800
11312
8574
9416
3834
6940
11579
957844
10004
9882
8527
5790
11490
953933
5195
10488
7874
3723
8867
10813
8849
962391
960308
9489
6824
12213
5908
10267
7008
961074
8192
7781
11126
11639
10525
958159
8886
3761
4589
961789
8419
12728
5046
9561
8268
8995
9459
9836
7088
959135
9102
4143
12146
956613
10086
7085
8478
5905
7934
3102
7961
10382
961338
7062
9075
7901
12347
11452
10103
7737
7761
8726
8683
9505
9298
8040
7603
6617
10552
10074
8832
8162
7477
9697
7697
5855
6595
4199
9364
9453
10272
7245
8640
953051
7981
5117
11739
7812
10920
5051
9399
8917
7433
6521
8287
3834
9450
10574
11195
9140
7159
962151
8991
7781
11439
960715
6812
10398
7057
8857
7754
8720
8694
8381
10445
7728
8473
6719
9516
10029
11524
6289
7101
9779
7666
12355
6114
6010
961712
10561
7246
5890
959307
7115
955644
8232
9379
9310
6119
6586
6125
9951
959076
962886
8831
7205
7850
9335
6359
11284
964170
9404
961556
5405
8998
958056
11139
8611
10524
5879
6645
10925
11841
960969
9206
7880
12436
9197
8891
8290
12538
963950
7432
12082
9079
962159
7543
6121
7453
7554
7623
9353
959093
960239
8048
9748
11104
10858
8045
10622
10141
7228
9149
12288
6411
4782
9233
10034
8822
12087
10837
8382
10073
10105
959184
9245
7066
959735
959754
9649
8960
6227
9287
7311
9894
7603
957934
8868
7941
5041
8105
957993
6261
14342
8390
6875
7395
958283
7254
9346
6332
6607
7285
12061
9109
7667
11400
10460
6618
10365
960270
7025
7429
8378
8557
10586
7275
11220
11338
5623
9033
10201
962998
5498
11276
6424
9719
11254
9492
2782
9904
6874
11293
7156
13097
11460
10676
7126
11485
7498
962754
13638
11297
8213
9304
10522
959894
12123
9781
961440
962591
12541
11669
11934
8434
6990
11464
958773
6862
959993
7499
6777
8709
8566
958614
8905
7469
7886
7887
6873
962734
8530
7406
10966
11076
6834
7357
8581
7863
7178
11740
6922
11158
6677
8263
958844
8284
12299
6679
9457
3250
7318
7510
958984
8255
7329
959928
9913
10341
9113
11118
9268
11898
11389
9195
9765
10151
7205
7919
8722
9186
10646
955637
960318
11405
11427
10333
10558
8050
8963
8249
7210
9968
9082
9488
11161
10371
960131
9829
8735
12058
9153
5896
3034
9789
10220
11748
3772
8556
11643
5958
8531
11319
11539
9742
4806
957416
11646
9475
9314
11227
11327
3154
7968
7266
11828
7017
11028
11278
2596
10178
6001
10601
5781
9647
9622
8674
8863
6761
10136
11726
10201
10480
6406
10650
7094
12051
8562
6677
5367
961715
10028
961034
7606
5783
12759
8506
9209
8625
5824
10383
8250
6450
10818
958568
7218
5602
6507
12810
7539
8546
6498
9317
10765
7651
10488
7447
8443
9026
7492
3154
6723
7454
5307
956438
8995
8635
6287
6709
959511
3522
9219
7633
11191
12811
7171
10130
8872
8755
7369
10994
7305
11113
8646
5449
9137
10681
7125
9495
8821
7306
8614
7737
12200
4302
9917
8235
7808
7340
5498
5246
11194
6379
960546
5540
10978
7434
10293
9540
7144
959433
7598
9732
13148
5920
6860
8041
5479
11486
9316
5416
9832
7732
7754
7475
6669
9289
7567
10298
11861
5244
8403
14160
956371
8996
7783
7294
9125
10512
9666
11028
9590
958595
8978
8331
11863
9710
7258
4548
961612
8696
10596
954858
6301
959261
8507
7043
8624
7652
10972
961291
9150
9566
9875
9857
8545
7153
7059
9383
8978
5823
9836
6562
7871
9537
958313
6860
8075
11242
11325
8755
10555
8275
9999
9223
8328
6579
8870
11478
9165
7331
11535
8995
958071
12807
7226
963217
5471
9036
8386
10881
959945
961418
9138
6850
10183
9580
8115
961210
10621
8512
9935
8817
9841
8714
2379
11718
6352
6896
6582
12685
7628
8798
9496
11265
7549
7737
11303
6598
7978
5959
10465
7384
959722
963848
6632
9221
6450
6738
11456
7660
5568
8132
9208
8457
8831
9271
9039
9302
9326
10192
5977
8350
6621
8051
956529
957538
9088
6259
6454
6829
9218
10729
4843
962010
955400
12007
12360
960130
7796
7485
10569
5649
8613
958232
8531
9076
4884
9200
8541
10909
6370
10724
957672
8397
10279
5786
8493
8300
959976
11077
8678
8823
6411
8424
8703
7272
8545
9650
9991
5910
958002
6356
10000
957160
6266
10792
7441
9609
962696
10038
6419
11092
6692
10316
10453
8246
7930
9911
10672
7975
10514
14633
10663
9863
7816
11170
5592
3964
8363
6292
8606
10399
9088
10318
8034
5345
962282
7125
13071
11910
8786
6233
6464
6139
958307
7193
7136
5995
8299
9248
9431
960162
957209
8756
10297
11073
16033
962399
9655
959028
8020
7610
7715
8108
9539
7790
961068
11691
14327
8690
958534
8086
2173
7095
960897
9672
7034
957249
8596
4813
3350
7404
5399
3590
10733
7567
8296
9889
8305
10652
8617
13015
961451
7602
8264
7378
7401
5048
8869
9858
10444
960790
7374
8739
8169
10020
7682
11446
9472
12517
7872
12760
8927
9256
12084
7790
14668
11050
5315
11110
6813
7346
4295
2153
5646
10374
8709
964112
6770
8413
7272
959278
10123
954401
7194
9124
7465
10337
9595
10422
957339
7758
9402
10288
6370
4662
8547
9023
7471
7141
15579
6928
10323
10356
959314
6555
10514
11185
7926
7730
959293
12068
3740
7202
7385
961422
8523
955889
8947
958506
4869
8345
8794
11143
7621
10738
6867
6535
957840
6920
9435
9558
8204
6193
9683
960844
10189
7544
11780
8592
7877
7454
7461
958237
960125
8582
11934
12600
958269
6283
9822
6361
10603
9158
959570
9817
961068
7689
957968
7611
7681
7513
7070
9351
8169
9146
11180
9508
7537
7104
10784
7221
961751
6355
9479
8207
5076
6858
9559
959819
8233
9630
10906
8007
11379
12310
957703
5709
10659
3546
962099
7380
8872
9344
7573
9589
7198
7041
11428
9830
6800
8972
7436
963401
13040
10681
8694
8878
958929
2428
6188
11334
6203
10822
7555
7110
8570
10027
4395
957715
9616
7407
959380
7980
960416
8421
9272
9589
4948
9017
8784
8505
9137
7920
7751
5830
11360
8988
8739
3240
962749
8939
8468
960798
4697
3980
8411
9111
956590
7045
8600
8108
9930
12170
9064
10258
6402
8231
7172
8447
9433
12076
10379
10152
7016
8334
8620
4263
8868
11087
10242
963959
12270
7249
3651
9430
11385
955059
9811
6186
8841
5483
11152
7431
11590
10434
6856
12106
9368
11717
7849
13201
961133
10155
5647
7596
9752
9442
8995
7728
6656
7970
8602
8052
5638
7127
11279
12912
10694
8883
7279
8277
7218
6969
9845
8831
7226
9115
10123
9281
10139
8577
10167
3453
10227
5475
9582
6374
7047
5438
7265
9139
4779
10060
9113
9118
959249
9005
8191
5162
8372
8238
7805
958512
6833
957058
8855
8059
9663
9574
8136
958946
11930
6774
5406
8804
10541
7196
13874
9774
5315
6821
8848
954151
956757
12455
957460
9579
9850
7559
7918
11541
7835
13804
9477
9429
7434
8814
9397
9101
7531
7864
4549
7131
6478
11293
7574
8334
7655
7588
13340
5479
960477
12742
7063
8386
11235
11301
9474
9359
9505
9018
10040
5964
9574
958666
8226
8646
8318
6694
7200
11117
8891
7416
10152
7759
7012
7510
11226
6319
959869
9520
2825
10135
6573
10459
11625
8769
7907
7096
8287
7888
8098
11307
8496
8496
9838
8846
6112
7341
9886
6652
7728
9380
10897
957100
8651
7625
4168
9079
12886
8355
8133
959824
11196
10064
8376
6812
8424
7744
961053
8859
961801
8849
5659
6805
11592
5069
6507
9254
8198
8447
7650
7505
7961
8921
8339
9102
3766
5465
9547
11975
7451
959176
7720
8800
10399
962994
5839
952072
960238
8270
8404
9625
9095
6909
4265
960950
11112
9164
7795
9411
9242
10068
10474
9851
10989
7321
6049
8399
10569
8040
7378
7741
11962
6645
959790
6163
12014
5896
956269
11082
9540
13247
6218
7448
9675
7613
4611
6050
9311
6464
9839
958636
9378
959940
10096
10857
